SOSS/trace/SOSS_wavelength_dependent_tilt.ecsv
# %ECSV 0.9
# ---
# datatype:
# - {name: Wavelength, datatype: float64}
# - {name: order 1, datatype: float64}
# - {name: order 2, datatype: float64}
# - {name: order 3, datatype: float64}
# meta: {description: This file was created by Loic Albert using the tilt_wave_dependency.ipynb python notebook. It used the deep stack
#     obtained at CV3 to characterize the monochromatic tilt for order 1. The wavelength solution used to convert from spectral pixels
#     to wavelength is the one characterized by Loic Albert using the laser lamps observations.}
# schema: astropy-2.0
Wavelength "order 1" "order 2" "order 3"
[from data line 1656]
2.4161 -0.4899 0.0000 0.0000
2.4171 -0.4889 0.0000 0.0000
2.4181 -0.4879 0.0000 0.0000
2.4191 -0.4869 0.0000 0.0000
2.4201 -0.4858 0.0000 0.0000
2.4211 -0.4848 0.0000 0.0000
2.4221 -0.4838 0.0000 0.0000
2.4231 -0.4828 0.0000 0.0000
2.4241 -0.4818 0.0000 0.0000
2.4251 -0.4808 0.0000 0.0000
2.4261 -0.4798 0.0000 0.0000
2.4271 -0.4788 0.0000 0.0000
2.4281 -0.4778 0.0000 0.0000
2.4291 -0.4768 0.0000 0.0000
2.4301 -0.4758 0.0000 0.0000
2.4311 -0.4748 0.0000 0.0000
2.4321 -0.4738 0.0000 0.0000
2.4331 -0.4728 0.0000 0.0000
2.4341 -0.4718 0.0000 0.0000
2.4351 -0.4708 0.0000 0.0000
2.4361 -0.4698 0.0000 0.0000
2.4371 -0.4688 0.0000 0.0000
2.4381 -0.4678 0.0000 0.0000
2.4391 -0.4668 0.0000 0.0000
2.4401 -0.4659 0.0000 0.0000
2.4411 -0.4649 0.0000 0.0000
2.4421 -0.4639 0.0000 0.0000
2.4431 -0.4629 0.0000 0.0000
2.4441 -0.4619 0.0000 0.0000
2.4451 -0.4609 0.0000 0.0000
2.4461 -0.4600 0.0000 0.0000
2.4471 -0.4590 0.0000 0.0000
2.4481 -0.4580 0.0000 0.0000
2.4491 -0.4570 0.0000 0.0000
2.4501 -0.4561 0.0000 0.0000
2.4511 -0.4551 0.0000 0.0000
2.4521 -0.4541 0.0000 0.0000
2.4531 -0.4532 0.0000 0.0000
2.4541 -0.4522 0.0000 0.0000
2.4551 -0.4512 0.0000 0.0000
2.4561 -0.4503 0.0000 0.0000
2.4571 -0.4493 0.0000 0.0000
2.4581 -0.4483 0.0000 0.0000
2.4591 -0.4474 0.0000 0.0000
2.4601 -0.4464 0.0000 0.0000
2.4611 -0.4455 0.0000 0.0000
2.4621 -0.4445 0.0000 0.0000
2.4631 -0.4435 0.0000 0.0000
2.4641 -0.4426 0.0000 0.0000
2.4651 -0.4416 0.0000 0.0000
2.4661 -0.4407 0.0000 0.0000
2.4671 -0.4397 0.0000 0.0000
2.4681 -0.4388 0.0000 0.0000
2.4691 -0.4379 0.0000 0.0000
2.4701 -0.4369 0.0000 0.0000
2.4711 -0.4360 0.0000 0.0000
2.4721 -0.4350 0.0000 0.0000
2.4731 -0.4341 0.0000 0.0000
2.4741 -0.4332 0.0000 0.0000
2.4751 -0.4322 0.0000 0.0000
2.4761 -0.4313 0.0000 0.0000
2.4771 -0.4304 0.0000 0.0000
2.4781 -0.4294 0.0000 0.0000
2.4791 -0.4285 0.0000 0.0000
2.4801 -0.4276 0.0000 0.0000
2.4811 -0.4267 0.0000 0.0000
2.4821 -0.4257 0.0000 0.0000
2.4831 -0.4248 0.0000 0.0000
2.4841 -0.4239 0.0000 0.0000
2.4851 -0.4230 0.0000 0.0000
2.4861 -0.4221 0.0000 0.0000
2.4871 -0.4211 0.0000 0.0000
2.4881 -0.4202 0.0000 0.0000
2.4891 -0.4193 0.0000 0.0000
2.4901 -0.4184 0.0000 0.0000
2.4911 -0.4175 0.0000 0.0000
2.4921 -0.4166 0.0000 0.0000
2.4931 -0.4157 0.0000 0.0000
2.4941 -0.4148 0.0000 0.0000
2.4951 -0.4139 0.0000 0.0000
2.4961 -0.4130 0.0000 0.0000
2.4971 -0.4121 0.0000 0.0000
2.4981 -0.4112 0.0000 0.0000
2.4991 -0.4103 0.0000 0.0000
2.5002 -0.4094 0.0000 0.0000
2.5012 -0.4085 0.0000 0.0000
2.5022 -0.4076 0.0000 0.0000
2.5032 -0.4068 0.0000 0.0000
2.5042 -0.4059 0.0000 0.0000
2.5052 -0.4050 0.0000 0.0000
2.5062 -0.4041 0.0000 0.0000
2.5072 -0.4032 0.0000 0.0000
2.5082 -0.4024 0.0000 0.0000
2.5092 -0.4015 0.0000 0.0000
2.5102 -0.4006 0.0000 0.0000
2.5112 -0.3997 0.0000 0.0000
2.5122 -0.3989 0.0000 0.0000
2.5132 -0.3980 0.0000 0.0000
2.5142 -0.3971 0.0000 0.0000
2.5152 -0.3963 0.0000 0.0000
2.5162 -0.3954 0.0000 0.0000
2.5172 -0.3946 0.0000 0.0000
2.5182 -0.3937 0.0000 0.0000
2.5192 -0.3929 0.0000 0.0000
2.5202 -0.3920 0.0000 0.0000
2.5212 -0.3912 0.0000 0.0000
2.5222 -0.3903 0.0000 0.0000
2.5232 -0.3895 0.0000 0.0000
2.5242 -0.3886 0.0000 0.0000
2.5252 -0.3878 0.0000 0.0000
2.5262 -0.3869 0.0000 0.0000
2.5272 -0.3861 0.0000 0.0000
2.5282 -0.3853 0.0000 0.0000
2.5293 -0.3844 0.0000 0.0000
2.5303 -0.3836 0.0000 0.0000
2.5313 -0.3828 0.0000 0.0000
2.5323 -0.3819 0.0000 0.0000
2.5333 -0.3811 0.0000 0.0000
2.5343 -0.3803 0.0000 0.0000
2.5353 -0.3795 0.0000 0.0000
2.5363 -0.3786 0.0000 0.0000
2.5373 -0.3778 0.0000 0.0000
2.5383 -0.3770 0.0000 0.0000
2.5393 -0.3762 0.0000 0.0000
2.5403 -0.3754 0.0000 0.0000
2.5413 -0.3746 0.0000 0.0000
2.5423 -0.3738 0.0000 0.0000
2.5433 -0.3730 0.0000 0.0000
2.5443 -0.3722 0.0000 0.0000
2.5453 -0.3714 0.0000 0.0000
2.5463 -0.3706 0.0000 0.0000
2.5473 -0.3698 0.0000 0.0000
2.5483 -0.3690 0.0000 0.0000
2.5493 -0.3682 0.0000 0.0000
2.5503 -0.3674 0.0000 0.0000
2.5513 -0.3666 0.0000 0.0000
2.5524 -0.3658 0.0000 0.0000
2.5534 -0.3650 0.0000 0.0000
2.5544 -0.3643 0.0000 0.0000
2.5554 -0.3635 0.0000 0.0000
2.5564 -0.3627 0.0000 0.0000
2.5574 -0.3619 0.0000 0.0000
2.5584 -0.3612 0.0000 0.0000
2.5594 -0.3604 0.0000 0.0000
2.5604 -0.3596 0.0000 0.0000
2.5614 -0.3589 0.0000 0.0000
2.5624 -0.3581 0.0000 0.0000
2.5634 -0.3573 0.0000 0.0000
2.5644 -0.3566 0.0000 0.0000
2.5654 -0.3558 0.0000 0.0000
2.5664 -0.3551 0.0000 0.0000
2.5674 -0.3543 0.0000 0.0000
2.5684 -0.3536 0.0000 0.0000
2.5694 -0.3528 0.0000 0.0000
2.5705 -0.3521 0.0000 0.0000
2.5715 -0.3514 0.0000 0.0000
2.5725 -0.3506 0.0000 0.0000
2.5735 -0.3499 0.0000 0.0000
2.5745 -0.3492 0.0000 0.0000
2.5755 -0.3484 0.0000 0.0000
2.5765 -0.3477 0.0000 0.0000
2.5775 -0.3470 0.0000 0.0000
2.5785 -0.3462 0.0000 0.0000
2.5795 -0.3455 0.0000 0.0000
2.5805 -0.3448 0.0000 0.0000
2.5815 -0.3441 0.0000 0.0000
2.5825 -0.3434 0.0000 0.0000
2.5835 -0.3427 0.0000 0.0000
2.5845 -0.3420 0.0000 0.0000
2.5855 -0.3413 0.0000 0.0000
2.5865 -0.3406 0.0000 0.0000
2.5876 -0.3399 0.0000 0.0000
2.5886 -0.3392 0.0000 0.0000
2.5896 -0.3385 0.0000 0.0000
2.5906 -0.3378 0.0000 0.0000
2.5916 -0.3371 0.0000 0.0000
2.5926 -0.3364 0.0000 0.0000
2.5936 -0.3357 0.0000 0.0000
2.5946 -0.3350 0.0000 0.0000
2.5956 -0.3343 0.0000 0.0000
2.5966 -0.3337 0.0000 0.0000
2.5976 -0.3330 0.0000 0.0000
2.5986 -0.3323 0.0000 0.0000
2.5996 -0.3316 0.0000 0.0000
2.6006 -0.3310 0.0000 0.0000
2.6016 -0.3303 0.0000 0.0000
2.6027 -0.3297 0.0000 0.0000
2.6037 -0.3290 0.0000 0.0000
2.6047 -0.3283 0.0000 0.0000
2.6057 -0.3277 0.0000 0.0000
2.6067 -0.3270 0.0000 0.0000
2.6077 -0.3264 0.0000 0.0000
2.6087 -0.3257 0.0000 0.0000
2.6097 -0.3251 0.0000 0.0000
2.6107 -0.3245 0.0000 0.0000
2.6117 -0.3238 0.0000 0.0000
2.6127 -0.3232 0.0000 0.0000
2.6137 -0.3226 0.0000 0.0000
2.6147 -0.3219 0.0000 0.0000
2.6158 -0.3213 0.0000 0.0000
2.6168 -0.3207 0.0000 0.0000
2.6178 -0.3201 0.0000 0.0000
2.6188 -0.3194 0.0000 0.0000
2.6198 -0.3188 0.0000 0.0000
2.6208 -0.3182 0.0000 0.0000
2.6218 -0.3176 0.0000 0.0000
2.6228 -0.3170 0.0000 0.0000
2.6238 -0.3164 0.0000 0.0000
2.6248 -0.3158 0.0000 0.0000
2.6258 -0.3152 0.0000 0.0000
2.6268 -0.3146 0.0000 0.0000
2.6278 -0.3140 0.0000 0.0000
2.6289 -0.3134 0.0000 0.0000
2.6299 -0.3128 0.0000 0.0000
2.6309 -0.3123 0.0000 0.0000
2.6319 -0.3117 0.0000 0.0000
2.6329 -0.3111 0.0000 0.0000
2.6339 -0.3105 0.0000 0.0000
2.6349 -0.3100 0.0000 0.0000
2.6359 -0.3094 0.0000 0.0000
2.6369 -0.3088 0.0000 0.0000
2.6379 -0.3083 0.0000 0.0000
2.6389 -0.3077 0.0000 0.0000
2.6399 -0.3072 0.0000 0.0000
2.6410 -0.3066 0.0000 0.0000
2.6420 -0.3061 0.0000 0.0000
2.6430 -0.3055 0.0000 0.0000
2.6440 -0.3050 0.0000 0.0000
2.6450 -0.3044 0.0000 0.0000
2.6460 -0.3039 0.0000 0.0000
2.6470 -0.3033 0.0000 0.0000
2.6480 -0.3028 0.0000 0.0000
2.6490 -0.3023 0.0000 0.0000
2.6500 -0.3018 0.0000 0.0000
2.6510 -0.3012 0.0000 0.0000
2.6521 -0.3007 0.0000 0.0000
2.6531 -0.3002 0.0000 0.0000
2.6541 -0.2997 0.0000 0.0000
2.6551 -0.2992 0.0000 0.0000
2.6561 -0.2987 0.0000 0.0000
2.6571 -0.2982 0.0000 0.0000
2.6581 -0.2977 0.0000 0.0000
2.6591 -0.2972 0.0000 0.0000
2.6601 -0.2967 0.0000 0.0000
2.6611 -0.2962 0.0000 0.0000
2.6621 -0.2957 0.0000 0.0000
2.6632 -0.2952 0.0000 0.0000
2.6642 -0.2947 0.0000 0.0000
2.6652 -0.2942 0.0000 0.0000
2.6662 -0.2938 0.0000 0.0000
2.6672 -0.2933 0.0000 0.0000
2.6682 -0.2928 0.0000 0.0000
2.6692 -0.2924 0.0000 0.0000
2.6702 -0.2919 0.0000 0.0000
2.6712 -0.2914 0.0000 0.0000
2.6722 -0.2910 0.0000 0.0000
2.6733 -0.2905 0.0000 0.0000
2.6743 -0.2901 0.0000 0.0000
2.6753 -0.2896 0.0000 0.0000
2.6763 -0.2892 0.0000 0.0000
2.6773 -0.2888 0.0000 0.0000
2.6783 -0.2883 0.0000 0.0000
2.6793 -0.2879 0.0000 0.0000
2.6803 -0.2875 0.0000 0.0000
2.6813 -0.2870 0.0000 0.0000
2.6823 -0.2866 0.0000 0.0000
2.6834 -0.2862 0.0000 0.0000
2.6844 -0.2858 0.0000 0.0000
2.6854 -0.2854 0.0000 0.0000
2.6864 -0.2850 0.0000 0.0000
2.6874 -0.2846 0.0000 0.0000
2.6884 -0.2842 0.0000 0.0000
2.6894 -0.2838 0.0000 0.0000
2.6904 -0.2834 0.0000 0.0000
2.6914 -0.2830 0.0000 0.0000
2.6925 -0.2826 0.0000 0.0000
2.6935 -0.2822 0.0000 0.0000
2.6945 -0.2818 0.0000 0.0000
2.6955 -0.2814 0.0000 0.0000
2.6965 -0.2811 0.0000 0.0000
2.6975 -0.2807 0.0000 0.0000
2.6985 -0.2803 0.0000 0.0000
2.6995 -0.2800 0.0000 0.0000
2.7005 -0.2796 0.0000 0.0000
2.7015 -0.2792 0.0000 0.0000
2.7026 -0.2789 0.0000 0.0000
2.7036 -0.2785 0.0000 0.0000
2.7046 -0.2782 0.0000 0.0000
2.7056 -0.2779 0.0000 0.0000
2.7066 -0.2775 0.0000 0.0000
2.7076 -0.2772 0.0000 0.0000
2.7086 -0.2768 0.0000 0.0000
2.7096 -0.2765 0.0000 0.0000
2.7107 -0.2762 0.0000 0.0000
2.7117 -0.2759 0.0000 0.0000
2.7127 -0.2756 0.0000 0.0000
2.7137 -0.2752 0.0000 0.0000
2.7147 -0.2749 0.0000 0.0000
2.7157 -0.2746 0.0000 0.0000
2.7167 -0.2743 0.0000 0.0000
2.7177 -0.2740 0.0000 0.0000
2.7187 -0.2737 0.0000 0.0000
2.7198 -0.2734 0.0000 0.0000
2.7208 -0.2732 0.0000 0.0000
2.7218 -0.2729 0.0000 0.0000
2.7228 -0.2726 0.0000 0.0000
2.7238 -0.2723 0.0000 0.0000
2.7248 -0.2720 0.0000 0.0000
2.7258 -0.2718 0.0000 0.0000
2.7268 -0.2715 0.0000 0.0000
2.7279 -0.2712 0.0000 0.0000
2.7289 -0.2710 0.0000 0.0000
2.7299 -0.2707 0.0000 0.0000
2.7309 -0.2705 0.0000 0.0000
2.7319 -0.2702 0.0000 0.0000
2.7329 -0.2700 0.0000 0.0000
2.7339 -0.2698 0.0000 0.0000
2.7349 -0.2695 0.0000 0.0000
2.7360 -0.2693 0.0000 0.0000
2.7370 -0.2691 0.0000 0.0000
2.7380 -0.2688 0.0000 0.0000
2.7390 -0.2686 0.0000 0.0000
2.7400 -0.2684 0.0000 0.0000
2.7410 -0.2682 0.0000 0.0000
2.7420 -0.2680 0.0000 0.0000
2.7430 -0.2678 0.0000 0.0000
2.7441 -0.2676 0.0000 0.0000
2.7451 -0.2674 0.0000 0.0000
2.7461 -0.2672 0.0000 0.0000
2.7471 -0.2670 0.0000 0.0000
2.7481 -0.2668 0.0000 0.0000
2.7491 -0.2667 0.0000 0.0000
2.7501 -0.2665 0.0000 0.0000
2.7511 -0.2663 0.0000 0.0000
2.7522 -0.2661 0.0000 0.0000
2.7532 -0.2660 0.0000 0.0000
2.7542 -0.2658 0.0000 0.0000
2.7552 -0.2657 0.0000 0.0000
2.7562 -0.2655 0.0000 0.0000
2.7572 -0.2654 0.0000 0.0000
2.7582 -0.2652 0.0000 0.0000
2.7593 -0.2651 0.0000 0.0000
2.7603 -0.2649 0.0000 0.0000
2.7613 -0.2648 0.0000 0.0000
2.7623 -0.2647 0.0000 0.0000
2.7633 -0.2646 0.0000 0.0000
2.7643 -0.2644 0.0000 0.0000
2.7653 -0.2643 0.0000 0.0000
2.7664 -0.2642 0.0000 0.0000
2.7674 -0.2641 0.0000 0.0000
2.7684 -0.2640 0.0000 0.0000
2.7694 -0.2639 0.0000 0.0000
2.7704 -0.2638 0.0000 0.0000
2.7714 -0.2637 0.0000 0.0000
2.7724 -0.2636 0.0000 0.0000
2.7734 -0.2636 0.0000 0.0000
2.7745 -0.2635 0.0000 0.0000
2.7755 -0.2634 0.0000 0.0000
2.7765 -0.2633 0.0000 0.0000
2.7775 -0.2633 0.0000 0.0000
2.7785 -0.2632 0.0000 0.0000
2.7795 -0.2632 0.0000 0.0000
2.7805 -0.2631 0.0000 0.0000
2.7816 -0.2631 0.0000 0.0000
2.7826 -0.2630 0.0000 0.0000
2.7836 -0.2630 0.0000 0.0000
2.7846 -0.2629 0.0000 0.0000
2.7856 -0.2629 0.0000 0.0000
2.7866 -0.2629 0.0000 0.0000
2.7877 -0.2629 0.0000 0.0000
2.7887 -0.2629 0.0000 0.0000
2.7897 -0.2628 0.0000 0.0000
2.7907 -0.2628 0.0000 0.0000
2.7917 -0.2628 0.0000 0.0000
2.7927 -0.2628 0.0000 0.0000
2.7937 -0.2628 0.0000 0.0000
2.7948 -0.2628 0.0000 0.0000
2.7958 -0.2629 0.0000 0.0000
2.7968 -0.2629 0.0000 0.0000
2.7978 -0.2629 0.0000 0.0000
2.7988 -0.2629 0.0000 0.0000
2.7998 -0.2630 0.0000 0.0000
2.8008 -0.2630 0.0000 0.0000
2.8019 -0.2630 0.0000 0.0000
2.8029 -0.2631 0.0000 0.0000
2.8039 -0.2631 0.0000 0.0000
2.8049 -0.2632 0.0000 0.0000
2.8059 -0.2632 0.0000 0.0000
2.8069 -0.2633 0.0000 0.0000
2.8080 -0.2634 0.0000 0.0000
2.8090 -0.2634 0.0000 0.0000
2.8100 -0.2635 0.0000 0.0000
2.8110 -0.2636 0.0000 0.0000
2.8120 -0.2637 0.0000 0.0000
2.8130 -0.2638 0.0000 0.0000
2.8140 -0.2639 0.0000 0.0000
2.8151 -0.2640 0.0000 0.0000
2.8161 -0.2641 0.0000 0.0000
2.8171 -0.2642 0.0000 0.0000
2.8181 -0.2643 0.0000 0.0000
2.8191 -0.2644 0.0000 0.0000
2.8201 -0.2645 0.0000 0.0000
2.8212 -0.2647 0.0000 0.0000
2.8222 -0.2648 0.0000 0.0000
2.8232 -0.2649 0.0000 0.0000
2.8242 -0.2651 0.0000 0.0000
2.8252 -0.2652 0.0000 0.0000
2.8262 -0.2654 0.0000 0.0000
2.8273 -0.2655 0.0000 0.0000
2.8283 -0.2657 0.0000 0.0000
2.8293 -0.2659 0.0000 0.0000
2.8303 -0.2660 0.0000 0.0000
2.8313 -0.2662 0.0000 0.0000
2.8323 -0.2664 0.0000 0.0000
2.8334 -0.2666 0.0000 0.0000
2.8344 -0.2668 0.0000 0.0000
2.8354 -0.2670 0.0000 0.0000
2.8364 -0.2672 0.0000 0.0000
2.8374 -0.2674 0.0000 0.0000
2.8384 -0.2676 0.0000 0.0000
2.8395 -0.2678 0.0000 0.0000
2.8405 -0.2680 0.0000 0.0000
2.8415 -0.2682 0.0000 0.0000
2.8425 -0.2684 0.0000 0.0000
2.8435 -0.2687 0.0000 0.0000
2.8445 -0.2689 0.0000 0.0000
2.8456 -0.2692 0.0000 0.0000
2.8466 -0.2694 0.0000 0.0000
2.8476 -0.2697 0.0000 0.0000
2.8486 -0.2699 0.0000 0.0000
2.8496 -0.2702 0.0000 0.0000
2.8506 -0.2704 0.0000 0.0000
2.8517 -0.2707 0.0000 0.0000
2.8527 -0.2710 0.0000 0.0000
2.8537 -0.2713 0.0000 0.0000
2.8547 -0.2716 0.0000 0.0000
2.8557 -0.2719 0.0000 0.0000
2.8568 -0.2722 0.0000 0.0000
2.8578 -0.2725 0.0000 0.0000
2.8588 -0.2728 0.0000 0.0000
2.8598 -0.2731 0.0000 0.0000
2.8608 -0.2734 0.0000 0.0000
2.8618 -0.2737 0.0000 0.0000
2.8629 -0.2740 0.0000 0.0000
