SOSS/trace/SOSS_wavelength_dependent_tilt.ecsv
# %ECSV 0.9
# ---
# datatype:
# - {name: Wavelength, datatype: float64}
# - {name: order 1, datatype: float64}
# - {name: order 2, datatype: float64}
# - {name: order 3, datatype: float64}
# meta: {description: This file was created by Loic Albert using the tilt_wave_dependency.ipynb python notebook. It used the deep stack
#     obtained at CV3 to characterize the monochromatic tilt for order 1. The wavelength solution used to convert from spectral pixels
#     to wavelength is the one characterized by Loic Albert using the laser lamps observations.}
# schema: astropy-2.0
Wavelength "order 1" "order 2" "order 3"
[from data line 552]
1.3364 -1.0712 0.0000 0.0000
1.3373 -1.0719 0.0000 0.0000
1.3383 -1.0727 0.0000 0.0000
1.3393 -1.0735 0.0000 0.0000
1.3402 -1.0742 0.0000 0.0000
1.3412 -1.0750 0.0000 0.0000
1.3421 -1.0757 0.0000 0.0000
1.3431 -1.0764 0.0000 0.0000
1.3441 -1.0772 0.0000 0.0000
1.3450 -1.0779 0.0000 0.0000
1.3460 -1.0787 0.0000 0.0000
1.3469 -1.0794 0.0000 0.0000
1.3479 -1.0801 0.0000 0.0000
1.3488 -1.0808 0.0000 0.0000
1.3498 -1.0816 0.0000 0.0000
1.3508 -1.0823 0.0000 0.0000
1.3517 -1.0830 0.0000 0.0000
1.3527 -1.0837 0.0000 0.0000
1.3536 -1.0844 0.0000 0.0000
1.3546 -1.0851 0.0000 0.0000
1.3555 -1.0858 0.0000 0.0000
1.3565 -1.0865 0.0000 0.0000
1.3575 -1.0872 0.0000 0.0000
1.3584 -1.0879 0.0000 0.0000
1.3594 -1.0886 0.0000 0.0000
1.3603 -1.0893 0.0000 0.0000
1.3613 -1.0900 0.0000 0.0000
1.3623 -1.0907 0.0000 0.0000
1.3632 -1.0914 0.0000 0.0000
1.3642 -1.0920 0.0000 0.0000
1.3651 -1.0927 0.0000 0.0000
1.3661 -1.0934 0.0000 0.0000
1.3670 -1.0940 0.0000 0.0000
1.3680 -1.0947 0.0000 0.0000
1.3690 -1.0954 0.0000 0.0000
1.3699 -1.0960 0.0000 0.0000
1.3709 -1.0967 0.0000 0.0000
1.3718 -1.0973 0.0000 0.0000
1.3728 -1.0980 0.0000 0.0000
1.3738 -1.0986 0.0000 0.0000
1.3747 -1.0992 0.0000 0.0000
1.3757 -1.0999 0.0000 0.0000
1.3766 -1.1005 0.0000 0.0000
1.3776 -1.1012 0.0000 0.0000
1.3786 -1.1018 0.0000 0.0000
1.3795 -1.1024 0.0000 0.0000
1.3805 -1.1030 0.0000 0.0000
1.3814 -1.1036 0.0000 0.0000
1.3824 -1.1043 0.0000 0.0000
1.3833 -1.1049 0.0000 0.0000
1.3843 -1.1055 0.0000 0.0000
1.3853 -1.1061 0.0000 0.0000
1.3862 -1.1067 0.0000 0.0000
1.3872 -1.1073 0.0000 0.0000
1.3881 -1.1079 0.0000 0.0000
1.3891 -1.1085 0.0000 0.0000
1.3901 -1.1091 0.0000 0.0000
1.3910 -1.1097 0.0000 0.0000
1.3920 -1.1102 0.0000 0.0000
1.3929 -1.1108 0.0000 0.0000
1.3939 -1.1114 0.0000 0.0000
1.3949 -1.1120 0.0000 0.0000
1.3958 -1.1126 0.0000 0.0000
1.3968 -1.1131 0.0000 0.0000
1.3977 -1.1137 0.0000 0.0000
1.3987 -1.1143 0.0000 0.0000
1.3997 -1.1148 0.0000 0.0000
1.4006 -1.1154 0.0000 0.0000
1.4016 -1.1159 0.0000 0.0000
1.4025 -1.1165 0.0000 0.0000
1.4035 -1.1170 0.0000 0.0000
1.4045 -1.1176 0.0000 0.0000
1.4054 -1.1181 0.0000 0.0000
1.4064 -1.1186 0.0000 0.0000
1.4073 -1.1192 0.0000 0.0000
1.4083 -1.1197 0.0000 0.0000
1.4093 -1.1202 0.0000 0.0000
1.4102 -1.1208 0.0000 0.0000
1.4112 -1.1213 0.0000 0.0000
1.4121 -1.1218 0.0000 0.0000
1.4131 -1.1223 0.0000 0.0000
1.4141 -1.1228 0.0000 0.0000
1.4150 -1.1233 0.0000 0.0000
1.4160 -1.1239 0.0000 0.0000
1.4169 -1.1244 0.0000 0.0000
1.4179 -1.1249 0.0000 0.0000
1.4189 -1.1254 0.0000 0.0000
1.4198 -1.1259 0.0000 0.0000
1.4208 -1.1263 0.0000 0.0000
1.4217 -1.1268 0.0000 0.0000
1.4227 -1.1273 0.0000 0.0000
1.4237 -1.1278 0.0000 0.0000
1.4246 -1.1283 0.0000 0.0000
1.4256 -1.1288 0.0000 0.0000
1.4265 -1.1292 0.0000 0.0000
1.4275 -1.1297 0.0000 0.0000
1.4285 -1.1302 0.0000 0.0000
1.4294 -1.1306 0.0000 0.0000
1.4304 -1.1311 0.0000 0.0000
1.4313 -1.1315 0.0000 0.0000
1.4323 -1.1320 0.0000 0.0000
1.4333 -1.1325 0.0000 0.0000
1.4342 -1.1329 0.0000 0.0000
1.4352 -1.1333 0.0000 0.0000
1.4362 -1.1338 0.0000 0.0000
1.4371 -1.1342 0.0000 0.0000
1.4381 -1.1347 0.0000 0.0000
1.4390 -1.1351 0.0000 0.0000
1.4400 -1.1355 0.0000 0.0000
1.4410 -1.1360 0.0000 0.0000
1.4419 -1.1364 0.0000 0.0000
1.4429 -1.1368 0.0000 0.0000
1.4438 -1.1372 0.0000 0.0000
1.4448 -1.1376 0.0000 0.0000
1.4458 -1.1380 0.0000 0.0000
1.4467 -1.1385 0.0000 0.0000
1.4477 -1.1389 0.0000 0.0000
1.4487 -1.1393 0.0000 0.0000
1.4496 -1.1397 0.0000 0.0000
1.4506 -1.1401 0.0000 0.0000
1.4515 -1.1404 0.0000 0.0000
1.4525 -1.1408 0.0000 0.0000
1.4535 -1.1412 0.0000 0.0000
1.4544 -1.1416 0.0000 0.0000
1.4554 -1.1420 0.0000 0.0000
1.4563 -1.1424 0.0000 0.0000
1.4573 -1.1427 0.0000 0.0000
1.4583 -1.1431 0.0000 0.0000
1.4592 -1.1435 0.0000 0.0000
1.4602 -1.1439 0.0000 0.0000
1.4612 -1.1442 0.0000 0.0000
1.4621 -1.1446 0.0000 0.0000
1.4631 -1.1449 0.0000 0.0000
1.4640 -1.1453 0.0000 0.0000
1.4650 -1.1456 0.0000 0.0000
1.4660 -1.1460 0.0000 0.0000
1.4669 -1.1463 0.0000 0.0000
1.4679 -1.1467 0.0000 0.0000
1.4689 -1.1470 0.0000 0.0000
1.4698 -1.1473 0.0000 0.0000
1.4708 -1.1477 0.0000 0.0000
1.4717 -1.1480 0.0000 0.0000
1.4727 -1.1483 0.0000 0.0000
1.4737 -1.1487 0.0000 0.0000
1.4746 -1.1490 0.0000 0.0000
1.4756 -1.1493 0.0000 0.0000
1.4766 -1.1496 0.0000 0.0000
1.4775 -1.1499 0.0000 0.0000
1.4785 -1.1502 0.0000 0.0000
1.4794 -1.1505 0.0000 0.0000
1.4804 -1.1508 0.0000 0.0000
1.4814 -1.1511 0.0000 0.0000
1.4823 -1.1514 0.0000 0.0000
1.4833 -1.1517 0.0000 0.0000
1.4843 -1.1520 0.0000 0.0000
1.4852 -1.1523 0.0000 0.0000
1.4862 -1.1526 0.0000 0.0000
1.4871 -1.1529 0.0000 0.0000
1.4881 -1.1531 0.0000 0.0000
1.4891 -1.1534 0.0000 0.0000
1.4900 -1.1537 0.0000 0.0000
1.4910 -1.1540 0.0000 0.0000
1.4920 -1.1542 0.0000 0.0000
1.4929 -1.1545 0.0000 0.0000
1.4939 -1.1548 0.0000 0.0000
1.4948 -1.1550 0.0000 0.0000
1.4958 -1.1553 0.0000 0.0000
1.4968 -1.1555 0.0000 0.0000
1.4977 -1.1558 0.0000 0.0000
1.4987 -1.1560 0.0000 0.0000
1.4997 -1.1563 0.0000 0.0000
1.5006 -1.1565 0.0000 0.0000
1.5016 -1.1567 0.0000 0.0000
1.5026 -1.1570 0.0000 0.0000
1.5035 -1.1572 0.0000 0.0000
1.5045 -1.1574 0.0000 0.0000
1.5054 -1.1576 0.0000 0.0000
1.5064 -1.1579 0.0000 0.0000
1.5074 -1.1581 0.0000 0.0000
1.5083 -1.1583 0.0000 0.0000
1.5093 -1.1585 0.0000 0.0000
1.5103 -1.1587 0.0000 0.0000
1.5112 -1.1589 0.0000 0.0000
1.5122 -1.1591 0.0000 0.0000
1.5132 -1.1593 0.0000 0.0000
1.5141 -1.1595 0.0000 0.0000
1.5151 -1.1597 0.0000 0.0000
1.5161 -1.1599 0.0000 0.0000
1.5170 -1.1601 0.0000 0.0000
1.5180 -1.1603 0.0000 0.0000
1.5189 -1.1605 0.0000 0.0000
1.5199 -1.1607 0.0000 0.0000
1.5209 -1.1608 0.0000 0.0000
1.5218 -1.1610 0.0000 0.0000
1.5228 -1.1612 0.0000 0.0000
1.5238 -1.1613 0.0000 0.0000
1.5247 -1.1615 0.0000 0.0000
1.5257 -1.1617 0.0000 0.0000
1.5267 -1.1618 0.0000 0.0000
1.5276 -1.1620 0.0000 0.0000
1.5286 -1.1621 0.0000 0.0000
1.5296 -1.1623 0.0000 0.0000
1.5305 -1.1624 0.0000 0.0000
1.5315 -1.1626 0.0000 0.0000
1.5324 -1.1627 0.0000 0.0000
1.5334 -1.1629 0.0000 0.0000
1.5344 -1.1630 0.0000 0.0000
1.5353 -1.1631 0.0000 0.0000
1.5363 -1.1633 0.0000 0.0000
1.5373 -1.1634 0.0000 0.0000
1.5382 -1.1635 0.0000 0.0000
1.5392 -1.1636 0.0000 0.0000
1.5402 -1.1638 0.0000 0.0000
1.5411 -1.1639 0.0000 0.0000
1.5421 -1.1640 0.0000 0.0000
1.5431 -1.1641 0.0000 0.0000
1.5440 -1.1642 0.0000 0.0000
1.5450 -1.1643 0.0000 0.0000
1.5460 -1.1644 0.0000 0.0000
1.5469 -1.1645 0.0000 0.0000
1.5479 -1.1646 0.0000 0.0000
1.5489 -1.1647 0.0000 0.0000
1.5498 -1.1648 0.0000 0.0000
1.5508 -1.1649 0.0000 0.0000
1.5517 -1.1650 0.0000 0.0000
1.5527 -1.1650 0.0000 0.0000
1.5537 -1.1651 0.0000 0.0000
1.5546 -1.1652 0.0000 0.0000
1.5556 -1.1653 0.0000 0.0000
1.5566 -1.1653 0.0000 0.0000
1.5575 -1.1654 0.0000 0.0000
1.5585 -1.1655 0.0000 0.0000
1.5595 -1.1655 0.0000 0.0000
1.5604 -1.1656 0.0000 0.0000
1.5614 -1.1656 0.0000 0.0000
1.5624 -1.1657 0.0000 0.0000
1.5633 -1.1657 0.0000 0.0000
1.5643 -1.1658 0.0000 0.0000
1.5653 -1.1658 0.0000 0.0000
1.5662 -1.1659 0.0000 0.0000
1.5672 -1.1659 0.0000 0.0000
1.5682 -1.1659 0.0000 0.0000
1.5691 -1.1660 0.0000 0.0000
1.5701 -1.1660 0.0000 0.0000
1.5711 -1.1660 0.0000 0.0000
1.5720 -1.1661 0.0000 0.0000
1.5730 -1.1661 0.0000 0.0000
1.5740 -1.1661 0.0000 0.0000
1.5749 -1.1661 0.0000 0.0000
1.5759 -1.1661 0.0000 0.0000
1.5769 -1.1661 0.0000 0.0000
1.5778 -1.1661 0.0000 0.0000
1.5788 -1.1661 0.0000 0.0000
1.5798 -1.1661 0.0000 0.0000
1.5807 -1.1661 0.0000 0.0000
1.5817 -1.1661 0.0000 0.0000
1.5827 -1.1661 0.0000 0.0000
1.5836 -1.1661 0.0000 0.0000
1.5846 -1.1661 0.0000 0.0000
1.5856 -1.1661 0.0000 0.0000
1.5865 -1.1661 0.0000 0.0000
1.5875 -1.1660 0.0000 0.0000
1.5885 -1.1660 0.0000 0.0000
1.5894 -1.1660 0.0000 0.0000
1.5904 -1.1660 0.0000 0.0000
1.5914 -1.1659 0.0000 0.0000
1.5923 -1.1659 0.0000 0.0000
1.5933 -1.1659 0.0000 0.0000
1.5943 -1.1658 0.0000 0.0000
1.5952 -1.1658 0.0000 0.0000
1.5962 -1.1657 0.0000 0.0000
1.5972 -1.1657 0.0000 0.0000
1.5981 -1.1656 0.0000 0.0000
1.5991 -1.1656 0.0000 0.0000
1.6001 -1.1655 0.0000 0.0000
1.6010 -1.1654 0.0000 0.0000
1.6020 -1.1654 0.0000 0.0000
1.6030 -1.1653 0.0000 0.0000
1.6039 -1.1652 0.0000 0.0000
1.6049 -1.1652 0.0000 0.0000
1.6059 -1.1651 0.0000 0.0000
1.6068 -1.1650 0.0000 0.0000
1.6078 -1.1649 0.0000 0.0000
1.6088 -1.1649 0.0000 0.0000
1.6097 -1.1648 0.0000 0.0000
1.6107 -1.1647 0.0000 0.0000
1.6117 -1.1646 0.0000 0.0000
1.6126 -1.1645 0.0000 0.0000
1.6136 -1.1644 0.0000 0.0000
1.6146 -1.1643 0.0000 0.0000
1.6156 -1.1642 0.0000 0.0000
1.6165 -1.1641 0.0000 0.0000
1.6175 -1.1640 0.0000 0.0000
1.6185 -1.1639 0.0000 0.0000
1.6194 -1.1638 0.0000 0.0000
1.6204 -1.1636 0.0000 0.0000
1.6214 -1.1635 0.0000 0.0000
1.6223 -1.1634 0.0000 0.0000
1.6233 -1.1633 0.0000 0.0000
1.6243 -1.1632 0.0000 0.0000
1.6252 -1.1630 0.0000 0.0000
1.6262 -1.1629 0.0000 0.0000
1.6272 -1.1628 0.0000 0.0000
1.6281 -1.1626 0.0000 0.0000
1.6291 -1.1625 0.0000 0.0000
1.6301 -1.1623 0.0000 0.0000
1.6310 -1.1622 0.0000 0.0000
1.6320 -1.1620 0.0000 0.0000
1.6330 -1.1619 0.0000 0.0000
1.6339 -1.1617 0.0000 0.0000
1.6349 -1.1616 0.0000 0.0000
1.6359 -1.1614 0.0000 0.0000
1.6369 -1.1613 0.0000 0.0000
1.6378 -1.1611 0.0000 0.0000
1.6388 -1.1609 0.0000 0.0000
1.6398 -1.1607 0.0000 0.0000
1.6407 -1.1606 0.0000 0.0000
1.6417 -1.1604 0.0000 0.0000
1.6427 -1.1602 0.0000 0.0000
1.6436 -1.1600 0.0000 0.0000
1.6446 -1.1599 0.0000 0.0000
1.6456 -1.1597 0.0000 0.0000
1.6465 -1.1595 0.0000 0.0000
1.6475 -1.1593 0.0000 0.0000
1.6485 -1.1591 0.0000 0.0000
1.6495 -1.1589 0.0000 0.0000
1.6504 -1.1587 0.0000 0.0000
1.6514 -1.1585 0.0000 0.0000
1.6524 -1.1583 0.0000 0.0000
1.6533 -1.1581 0.0000 0.0000
1.6543 -1.1579 0.0000 0.0000
1.6553 -1.1577 0.0000 0.0000
1.6562 -1.1574 0.0000 0.0000
1.6572 -1.1572 0.0000 0.0000
1.6582 -1.1570 0.0000 0.0000
1.6591 -1.1568 0.0000 0.0000
1.6601 -1.1565 0.0000 0.0000
1.6611 -1.1563 0.0000 0.0000
1.6621 -1.1561 0.0000 0.0000
1.6630 -1.1559 0.0000 0.0000
1.6640 -1.1556 0.0000 0.0000
1.6650 -1.1554 0.0000 0.0000
1.6659 -1.1551 0.0000 0.0000
1.6669 -1.1549 0.0000 0.0000
1.6679 -1.1546 0.0000 0.0000
1.6688 -1.1544 0.0000 0.0000
1.6698 -1.1541 0.0000 0.0000
1.6708 -1.1539 0.0000 0.0000
1.6718 -1.1536 0.0000 0.0000
1.6727 -1.1534 0.0000 0.0000
1.6737 -1.1531 0.0000 0.0000
1.6747 -1.1528 0.0000 0.0000
1.6756 -1.1526 0.0000 0.0000
1.6766 -1.1523 0.0000 0.0000
1.6776 -1.1520 0.0000 0.0000
1.6785 -1.1517 0.0000 0.0000
1.6795 -1.1515 0.0000 0.0000
1.6805 -1.1512 0.0000 0.0000
1.6815 -1.1509 0.0000 0.0000
1.6824 -1.1506 0.0000 0.0000
1.6834 -1.1503 0.0000 0.0000
1.6844 -1.1500 0.0000 0.0000
1.6853 -1.1497 0.0000 0.0000
1.6863 -1.1494 0.0000 0.0000
1.6873 -1.1491 0.0000 0.0000
1.6882 -1.1488 0.0000 0.0000
1.6892 -1.1485 0.0000 0.0000
1.6902 -1.1482 0.0000 0.0000
1.6912 -1.1479 0.0000 0.0000
1.6921 -1.1476 0.0000 0.0000
1.6931 -1.1473 0.0000 0.0000
1.6941 -1.1470 0.0000 0.0000
1.6950 -1.1467 0.0000 0.0000
1.6960 -1.1463 0.0000 0.0000
1.6970 -1.1460 0.0000 0.0000
1.6980 -1.1457 0.0000 0.0000
1.6989 -1.1454 0.0000 0.0000
1.6999 -1.1450 0.0000 0.0000
1.7009 -1.1447 0.0000 0.0000
1.7018 -1.1443 0.0000 0.0000
1.7028 -1.1440 0.0000 0.0000
1.7038 -1.1437 0.0000 0.0000
1.7048 -1.1433 0.0000 0.0000
1.7057 -1.1430 0.0000 0.0000
1.7067 -1.1426 0.0000 0.0000
1.7077 -1.1423 0.0000 0.0000
1.7086 -1.1419 0.0000 0.0000
1.7096 -1.1416 0.0000 0.0000
1.7106 -1.1412 0.0000 0.0000
1.7116 -1.1408 0.0000 0.0000
1.7125 -1.1405 0.0000 0.0000
1.7135 -1.1401 0.0000 0.0000
1.7145 -1.1397 0.0000 0.0000
1.7154 -1.1394 0.0000 0.0000
1.7164 -1.1390 0.0000 0.0000
1.7174 -1.1386 0.0000 0.0000
1.7184 -1.1382 0.0000 0.0000
1.7193 -1.1378 0.0000 0.0000
1.7203 -1.1375 0.0000 0.0000
1.7213 -1.1371 0.0000 0.0000
1.7222 -1.1367 0.0000 0.0000
1.7232 -1.1363 0.0000 0.0000
1.7242 -1.1359 0.0000 0.0000
1.7252 -1.1355 0.0000 0.0000
1.7261 -1.1351 0.0000 0.0000
1.7271 -1.1347 0.0000 0.0000
1.7281 -1.1343 0.0000 0.0000
1.7291 -1.1339 0.0000 0.0000
1.7300 -1.1335 0.0000 0.0000
1.7310 -1.1331 0.0000 0.0000
1.7320 -1.1327 0.0000 0.0000
1.7329 -1.1322 0.0000 0.0000
1.7339 -1.1318 0.0000 0.0000
1.7349 -1.1314 0.0000 0.0000
1.7359 -1.1310 0.0000 0.0000
1.7368 -1.1305 0.0000 0.0000
1.7378 -1.1301 0.0000 0.0000
1.7388 -1.1297 0.0000 0.0000
1.7397 -1.1292 0.0000 0.0000
1.7407 -1.1288 0.0000 0.0000
1.7417 -1.1284 0.0000 0.0000
1.7427 -1.1279 0.0000 0.0000
1.7436 -1.1275 0.0000 0.0000
1.7446 -1.1270 0.0000 0.0000
1.7456 -1.1266 0.0000 0.0000
1.7466 -1.1261 0.0000 0.0000
1.7475 -1.1257 0.0000 0.0000
1.7485 -1.1252 0.0000 0.0000
1.7495 -1.1248 0.0000 0.0000
1.7505 -1.1243 0.0000 0.0000
1.7514 -1.1239 0.0000 0.0000
1.7524 -1.1234 0.0000 0.0000
1.7534 -1.1229 0.0000 0.0000
1.7543 -1.1225 0.0000 0.0000
1.7553 -1.1220 0.0000 0.0000
1.7563 -1.1215 0.0000 0.0000
1.7573 -1.1210 0.0000 0.0000
1.7582 -1.1206 0.0000 0.0000
1.7592 -1.1201 0.0000 0.0000
1.7602 -1.1196 0.0000 0.0000
1.7612 -1.1191 0.0000 0.0000
1.7621 -1.1186 0.0000 0.0000
1.7631 -1.1181 0.0000 0.0000
1.7641 -1.1176 0.0000 0.0000
1.7651 -1.1171 0.0000 0.0000
1.7660 -1.1166 0.0000 0.0000
1.7670 -1.1161 0.0000 0.0000
1.7680 -1.1156 0.0000 0.0000
1.7689 -1.1151 0.0000 0.0000
1.7699 -1.1146 0.0000 0.0000
1.7709 -1.1141 0.0000 0.0000
1.7719 -1.1136 0.0000 0.0000
1.7728 -1.1131 0.0000 0.0000
1.7738 -1.1126 0.0000 0.0000
1.7748 -1.1121 0.0000 0.0000
1.7758 -1.1115 0.0000 0.0000
1.7767 -1.1110 0.0000 0.0000
1.7777 -1.1105 0.0000 0.0000
1.7787 -1.1100 0.0000 0.0000
1.7797 -1.1094 0.0000 0.0000
1.7806 -1.1089 0.0000 0.0000
1.7816 -1.1084 0.0000 0.0000
1.7826 -1.1078 0.0000 0.0000
1.7836 -1.1073 0.0000 0.0000
1.7845 -1.1068 0.0000 0.0000
1.7855 -1.1062 0.0000 0.0000
1.7865 -1.1057 0.0000 0.0000
1.7875 -1.1051 0.0000 0.0000
1.7884 -1.1046 0.0000 0.0000
1.7894 -1.1040 0.0000 0.0000
1.7904 -1.1035 0.0000 0.0000
1.7914 -1.1029 0.0000 0.0000
1.7923 -1.1023 0.0000 0.0000
1.7933 -1.1018 0.0000 0.0000
1.7943 -1.1012 0.0000 0.0000
1.7953 -1.1007 0.0000 0.0000
1.7962 -1.1001 0.0000 0.0000
1.7972 -1.0995 0.0000 0.0000
1.7982 -1.0989 0.0000 0.0000
1.7992 -1.0984 0.0000 0.0000
1.8001 -1.0978 0.0000 0.0000
1.8011 -1.0972 0.0000 0.0000
1.8021 -1.0966 0.0000 0.0000
1.8031 -1.0961 0.0000 0.0000
1.8040 -1.0955 0.0000 0.0000
1.8050 -1.0949 0.0000 0.0000
1.8060 -1.0943 0.0000 0.0000
1.8070 -1.0937 0.0000 0.0000
1.8079 -1.0931 0.0000 0.0000
1.8089 -1.0925 0.0000 0.0000
1.8099 -1.0919 0.0000 0.0000
1.8109 -1.0913 0.0000 0.0000
1.8118 -1.0907 0.0000 0.0000
1.8128 -1.0901 0.0000 0.0000
1.8138 -1.0895 0.0000 0.0000
1.8148 -1.0889 0.0000 0.0000
1.8157 -1.0883 0.0000 0.0000
1.8167 -1.0877 0.0000 0.0000
1.8177 -1.0870 0.0000 0.0000
1.8187 -1.0864 0.0000 0.0000
1.8196 -1.0858 0.0000 0.0000
1.8206 -1.0852 0.0000 0.0000
1.8216 -1.0846 0.0000 0.0000
1.8226 -1.0839 0.0000 0.0000
1.8235 -1.0833 0.0000 0.0000
1.8245 -1.0827 0.0000 0.0000
1.8255 -1.0820 0.0000 0.0000
1.8265 -1.0814 0.0000 0.0000
1.8274 -1.0808 0.0000 0.0000
1.8284 -1.0801 0.0000 0.0000
1.8294 -1.0795 0.0000 0.0000
1.8304 -1.0788 0.0000 0.0000
1.8313 -1.0782 0.0000 0.0000
1.8323 -1.0776 0.0000 0.0000
1.8333 -1.0769 0.0000 0.0000
1.8343 -1.0763 0.0000 0.0000
1.8353 -1.0756 0.0000 0.0000
1.8362 -1.0749 0.0000 0.0000
1.8372 -1.0743 0.0000 0.0000
1.8382 -1.0736 0.0000 0.0000
1.8392 -1.0730 0.0000 0.0000
1.8401 -1.0723 0.0000 0.0000
1.8411 -1.0716 0.0000 0.0000
1.8421 -1.0710 0.0000 0.0000
1.8431 -1.0703 0.0000 0.0000
1.8440 -1.0696 0.0000 0.0000
1.8450 -1.0690 0.0000 0.0000
1.8460 -1.0683 0.0000 0.0000
1.8470 -1.0676 0.0000 0.0000
1.8479 -1.0669 0.0000 0.0000
1.8489 -1.0662 0.0000 0.0000
1.8499 -1.0656 0.0000 0.0000
1.8509 -1.0649 0.0000 0.0000
1.8519 -1.0642 0.0000 0.0000
1.8528 -1.0635 0.0000 0.0000
1.8538 -1.0628 0.0000 0.0000
1.8548 -1.0621 0.0000 0.0000
1.8558 -1.0614 0.0000 0.0000
1.8567 -1.0607 0.0000 0.0000
1.8577 -1.0600 0.0000 0.0000
1.8587 -1.0593 0.0000 0.0000
1.8597 -1.0586 0.0000 0.0000
1.8606 -1.0579 0.0000 0.0000
1.8616 -1.0572 0.0000 0.0000
1.8626 -1.0565 0.0000 0.0000
1.8636 -1.0558 0.0000 0.0000
1.8646 -1.0550 0.0000 0.0000
1.8655 -1.0543 0.0000 0.0000
1.8665 -1.0536 0.0000 0.0000
1.8675 -1.0529 0.0000 0.0000
1.8685 -1.0522 0.0000 0.0000
