SOSS/trace/SOSS_wavelength_dependent_tilt.ecsv
# %ECSV 0.9
# ---
# datatype:
# - {name: Wavelength, datatype: float64}
# - {name: order 1, datatype: float64}
# - {name: order 2, datatype: float64}
# - {name: order 3, datatype: float64}
# meta: {description: This file was created by Loic Albert using the tilt_wave_dependency.ipynb python notebook. It used the deep stack
#     obtained at CV3 to characterize the monochromatic tilt for order 1. The wavelength solution used to convert from spectral pixels
#     to wavelength is the one characterized by Loic Albert using the laser lamps observations.}
# schema: astropy-2.0
Wavelength "order 1" "order 2" "order 3"
[from data line 1104]
1.8704 -1.0507 0.0000 0.0000
1.8714 -1.0500 0.0000 0.0000
1.8724 -1.0493 0.0000 0.0000
1.8734 -1.0485 0.0000 0.0000
1.8743 -1.0478 0.0000 0.0000
1.8753 -1.0471 0.0000 0.0000
1.8763 -1.0463 0.0000 0.0000
1.8773 -1.0456 0.0000 0.0000
1.8782 -1.0448 0.0000 0.0000
1.8792 -1.0441 0.0000 0.0000
1.8802 -1.0434 0.0000 0.0000
1.8812 -1.0426 0.0000 0.0000
1.8822 -1.0419 0.0000 0.0000
1.8831 -1.0411 0.0000 0.0000
1.8841 -1.0404 0.0000 0.0000
1.8851 -1.0396 0.0000 0.0000
1.8861 -1.0389 0.0000 0.0000
1.8871 -1.0381 0.0000 0.0000
1.8880 -1.0373 0.0000 0.0000
1.8890 -1.0366 0.0000 0.0000
1.8900 -1.0358 0.0000 0.0000
1.8910 -1.0350 0.0000 0.0000
1.8919 -1.0343 0.0000 0.0000
1.8929 -1.0335 0.0000 0.0000
1.8939 -1.0327 0.0000 0.0000
1.8949 -1.0320 0.0000 0.0000
1.8959 -1.0312 0.0000 0.0000
1.8968 -1.0304 0.0000 0.0000
1.8978 -1.0296 0.0000 0.0000
1.8988 -1.0289 0.0000 0.0000
1.8998 -1.0281 0.0000 0.0000
1.9008 -1.0273 0.0000 0.0000
1.9017 -1.0265 0.0000 0.0000
1.9027 -1.0257 0.0000 0.0000
1.9037 -1.0249 0.0000 0.0000
1.9047 -1.0241 0.0000 0.0000
1.9056 -1.0233 0.0000 0.0000
1.9066 -1.0225 0.0000 0.0000
1.9076 -1.0218 0.0000 0.0000
1.9086 -1.0210 0.0000 0.0000
1.9096 -1.0202 0.0000 0.0000
1.9105 -1.0194 0.0000 0.0000
1.9115 -1.0185 0.0000 0.0000
1.9125 -1.0177 0.0000 0.0000
1.9135 -1.0169 0.0000 0.0000
1.9145 -1.0161 0.0000 0.0000
1.9154 -1.0153 0.0000 0.0000
1.9164 -1.0145 0.0000 0.0000
1.9174 -1.0137 0.0000 0.0000
1.9184 -1.0129 0.0000 0.0000
1.9194 -1.0121 0.0000 0.0000
1.9203 -1.0112 0.0000 0.0000
1.9213 -1.0104 0.0000 0.0000
1.9223 -1.0096 0.0000 0.0000
1.9233 -1.0088 0.0000 0.0000
1.9243 -1.0079 0.0000 0.0000
1.9252 -1.0071 0.0000 0.0000
1.9262 -1.0063 0.0000 0.0000
1.9272 -1.0055 0.0000 0.0000
1.9282 -1.0046 0.0000 0.0000
1.9292 -1.0038 0.0000 0.0000
1.9301 -1.0030 0.0000 0.0000
1.9311 -1.0021 0.0000 0.0000
1.9321 -1.0013 0.0000 0.0000
1.9331 -1.0004 0.0000 0.0000
1.9341 -0.9996 0.0000 0.0000
1.9350 -0.9987 0.0000 0.0000
1.9360 -0.9979 0.0000 0.0000
1.9370 -0.9971 0.0000 0.0000
1.9380 -0.9962 0.0000 0.0000
1.9390 -0.9954 0.0000 0.0000
1.9399 -0.9945 0.0000 0.0000
1.9409 -0.9936 0.0000 0.0000
1.9419 -0.9928 0.0000 0.0000
1.9429 -0.9919 0.0000 0.0000
1.9439 -0.9911 0.0000 0.0000
1.9448 -0.9902 0.0000 0.0000
1.9458 -0.9893 0.0000 0.0000
1.9468 -0.9885 0.0000 0.0000
1.9478 -0.9876 0.0000 0.0000
1.9488 -0.9868 0.0000 0.0000
1.9497 -0.9859 0.0000 0.0000
1.9507 -0.9850 0.0000 0.0000
1.9517 -0.9841 0.0000 0.0000
1.9527 -0.9833 0.0000 0.0000
1.9537 -0.9824 0.0000 0.0000
1.9547 -0.9815 0.0000 0.0000
1.9556 -0.9806 0.0000 0.0000
1.9566 -0.9798 0.0000 0.0000
1.9576 -0.9789 0.0000 0.0000
1.9586 -0.9780 0.0000 0.0000
1.9596 -0.9771 0.0000 0.0000
1.9605 -0.9762 0.0000 0.0000
1.9615 -0.9753 0.0000 0.0000
1.9625 -0.9744 0.0000 0.0000
1.9635 -0.9736 0.0000 0.0000
1.9645 -0.9727 0.0000 0.0000
1.9654 -0.9718 0.0000 0.0000
1.9664 -0.9709 0.0000 0.0000
1.9674 -0.9700 0.0000 0.0000
1.9684 -0.9691 0.0000 0.0000
1.9694 -0.9682 0.0000 0.0000
1.9704 -0.9673 0.0000 0.0000
1.9713 -0.9664 0.0000 0.0000
1.9723 -0.9655 0.0000 0.0000
1.9733 -0.9646 0.0000 0.0000
1.9743 -0.9637 0.0000 0.0000
1.9753 -0.9627 0.0000 0.0000
1.9762 -0.9618 0.0000 0.0000
1.9772 -0.9609 0.0000 0.0000
1.9782 -0.9600 0.0000 0.0000
1.9792 -0.9591 0.0000 0.0000
1.9802 -0.9582 0.0000 0.0000
1.9812 -0.9573 0.0000 0.0000
1.9821 -0.9563 0.0000 0.0000
1.9831 -0.9554 0.0000 0.0000
1.9841 -0.9545 0.0000 0.0000
1.9851 -0.9536 0.0000 0.0000
1.9861 -0.9527 0.0000 0.0000
1.9870 -0.9517 0.0000 0.0000
1.9880 -0.9508 0.0000 0.0000
1.9890 -0.9499 0.0000 0.0000
1.9900 -0.9489 0.0000 0.0000
1.9910 -0.9480 0.0000 0.0000
1.9920 -0.9471 0.0000 0.0000
1.9929 -0.9461 0.0000 0.0000
1.9939 -0.9452 0.0000 0.0000
1.9949 -0.9443 0.0000 0.0000
1.9959 -0.9433 0.0000 0.0000
1.9969 -0.9424 0.0000 0.0000
1.9979 -0.9414 0.0000 0.0000
1.9988 -0.9405 0.0000 0.0000
1.9998 -0.9396 0.0000 0.0000
2.0008 -0.9386 0.0000 0.0000
2.0018 -0.9377 0.0000 0.0000
2.0028 -0.9367 0.0000 0.0000
2.0037 -0.9358 0.0000 0.0000
2.0047 -0.9348 0.0000 0.0000
2.0057 -0.9339 0.0000 0.0000
2.0067 -0.9329 0.0000 0.0000
2.0077 -0.9320 0.0000 0.0000
2.0087 -0.9310 0.0000 0.0000
2.0096 -0.9300 0.0000 0.0000
2.0106 -0.9291 0.0000 0.0000
2.0116 -0.9281 0.0000 0.0000
2.0126 -0.9272 0.0000 0.0000
2.0136 -0.9262 0.0000 0.0000
2.0146 -0.9252 0.0000 0.0000
2.0155 -0.9243 0.0000 0.0000
2.0165 -0.9233 0.0000 0.0000
2.0175 -0.9223 0.0000 0.0000
2.0185 -0.9214 0.0000 0.0000
2.0195 -0.9204 0.0000 0.0000
2.0205 -0.9194 0.0000 0.0000
2.0214 -0.9184 0.0000 0.0000
2.0224 -0.9175 0.0000 0.0000
2.0234 -0.9165 0.0000 0.0000
2.0244 -0.9155 0.0000 0.0000
2.0254 -0.9145 0.0000 0.0000
2.0264 -0.9136 0.0000 0.0000
2.0274 -0.9126 0.0000 0.0000
2.0283 -0.9116 0.0000 0.0000
2.0293 -0.9106 0.0000 0.0000
2.0303 -0.9096 0.0000 0.0000
2.0313 -0.9086 0.0000 0.0000
2.0323 -0.9077 0.0000 0.0000
2.0333 -0.9067 0.0000 0.0000
2.0342 -0.9057 0.0000 0.0000
2.0352 -0.9047 0.0000 0.0000
2.0362 -0.9037 0.0000 0.0000
2.0372 -0.9027 0.0000 0.0000
2.0382 -0.9017 0.0000 0.0000
2.0392 -0.9007 0.0000 0.0000
2.0401 -0.8997 0.0000 0.0000
2.0411 -0.8987 0.0000 0.0000
2.0421 -0.8977 0.0000 0.0000
2.0431 -0.8967 0.0000 0.0000
2.0441 -0.8957 0.0000 0.0000
2.0451 -0.8947 0.0000 0.0000
2.0461 -0.8937 0.0000 0.0000
2.0470 -0.8927 0.0000 0.0000
2.0480 -0.8917 0.0000 0.0000
2.0490 -0.8907 0.0000 0.0000
2.0500 -0.8897 0.0000 0.0000
2.0510 -0.8887 0.0000 0.0000
2.0520 -0.8877 0.0000 0.0000
2.0529 -0.8867 0.0000 0.0000
2.0539 -0.8857 0.0000 0.0000
2.0549 -0.8846 0.0000 0.0000
2.0559 -0.8836 0.0000 0.0000
2.0569 -0.8826 0.0000 0.0000
2.0579 -0.8816 0.0000 0.0000
2.0589 -0.8806 0.0000 0.0000
2.0598 -0.8796 0.0000 0.0000
2.0608 -0.8786 0.0000 0.0000
2.0618 -0.8775 0.0000 0.0000
2.0628 -0.8765 0.0000 0.0000
2.0638 -0.8755 0.0000 0.0000
2.0648 -0.8745 0.0000 0.0000
2.0658 -0.8734 0.0000 0.0000
2.0667 -0.8724 0.0000 0.0000
2.0677 -0.8714 0.0000 0.0000
2.0687 -0.8704 0.0000 0.0000
2.0697 -0.8693 0.0000 0.0000
2.0707 -0.8683 0.0000 0.0000
2.0717 -0.8673 0.0000 0.0000
2.0727 -0.8662 0.0000 0.0000
2.0736 -0.8652 0.0000 0.0000
2.0746 -0.8642 0.0000 0.0000
2.0756 -0.8631 0.0000 0.0000
2.0766 -0.8621 0.0000 0.0000
2.0776 -0.8611 0.0000 0.0000
2.0786 -0.8600 0.0000 0.0000
2.0796 -0.8590 0.0000 0.0000
2.0805 -0.8580 0.0000 0.0000
2.0815 -0.8569 0.0000 0.0000
2.0825 -0.8559 0.0000 0.0000
2.0835 -0.8548 0.0000 0.0000
2.0845 -0.8538 0.0000 0.0000
2.0855 -0.8527 0.0000 0.0000
2.0865 -0.8517 0.0000 0.0000
2.0874 -0.8507 0.0000 0.0000
2.0884 -0.8496 0.0000 0.0000
2.0894 -0.8486 0.0000 0.0000
2.0904 -0.8475 0.0000 0.0000
2.0914 -0.8465 0.0000 0.0000
2.0924 -0.8454 0.0000 0.0000
2.0934 -0.8444 0.0000 0.0000
2.0943 -0.8433 0.0000 0.0000
2.0953 -0.8423 0.0000 0.0000
2.0963 -0.8412 0.0000 0.0000
2.0973 -0.8401 0.0000 0.0000
2.0983 -0.8391 0.0000 0.0000
2.0993 -0.8380 0.0000 0.0000
2.1003 -0.8370 0.0000 0.0000
2.1013 -0.8359 0.0000 0.0000
2.1022 -0.8349 0.0000 0.0000
2.1032 -0.8338 0.0000 0.0000
2.1042 -0.8327 0.0000 0.0000
2.1052 -0.8317 0.0000 0.0000
2.1062 -0.8306 0.0000 0.0000
2.1072 -0.8296 0.0000 0.0000
2.1082 -0.8285 0.0000 0.0000
2.1091 -0.8274 0.0000 0.0000
2.1101 -0.8264 0.0000 0.0000
2.1111 -0.8253 0.0000 0.0000
2.1121 -0.8242 0.0000 0.0000
2.1131 -0.8232 0.0000 0.0000
2.1141 -0.8221 0.0000 0.0000
2.1151 -0.8210 0.0000 0.0000
2.1161 -0.8200 0.0000 0.0000
2.1170 -0.8189 0.0000 0.0000
2.1180 -0.8178 0.0000 0.0000
2.1190 -0.8167 0.0000 0.0000
2.1200 -0.8157 0.0000 0.0000
2.1210 -0.8146 0.0000 0.0000
2.1220 -0.8135 0.0000 0.0000
2.1230 -0.8124 0.0000 0.0000
2.1240 -0.8114 0.0000 0.0000
2.1249 -0.8103 0.0000 0.0000
2.1259 -0.8092 0.0000 0.0000
2.1269 -0.8081 0.0000 0.0000
2.1279 -0.8071 0.0000 0.0000
2.1289 -0.8060 0.0000 0.0000
2.1299 -0.8049 0.0000 0.0000
2.1309 -0.8038 0.0000 0.0000
2.1319 -0.8027 0.0000 0.0000
2.1328 -0.8017 0.0000 0.0000
2.1338 -0.8006 0.0000 0.0000
2.1348 -0.7995 0.0000 0.0000
2.1358 -0.7984 0.0000 0.0000
2.1368 -0.7973 0.0000 0.0000
2.1378 -0.7962 0.0000 0.0000
2.1388 -0.7951 0.0000 0.0000
2.1398 -0.7941 0.0000 0.0000
2.1408 -0.7930 0.0000 0.0000
2.1417 -0.7919 0.0000 0.0000
2.1427 -0.7908 0.0000 0.0000
2.1437 -0.7897 0.0000 0.0000
2.1447 -0.7886 0.0000 0.0000
2.1457 -0.7875 0.0000 0.0000
2.1467 -0.7864 0.0000 0.0000
2.1477 -0.7853 0.0000 0.0000
2.1487 -0.7843 0.0000 0.0000
2.1497 -0.7832 0.0000 0.0000
2.1506 -0.7821 0.0000 0.0000
2.1516 -0.7810 0.0000 0.0000
2.1526 -0.7799 0.0000 0.0000
2.1536 -0.7788 0.0000 0.0000
2.1546 -0.7777 0.0000 0.0000
2.1556 -0.7766 0.0000 0.0000
2.1566 -0.7755 0.0000 0.0000
2.1576 -0.7744 0.0000 0.0000
2.1586 -0.7733 0.0000 0.0000
2.1595 -0.7722 0.0000 0.0000
2.1605 -0.7711 0.0000 0.0000
2.1615 -0.7700 0.0000 0.0000
2.1625 -0.7689 0.0000 0.0000
2.1635 -0.7678 0.0000 0.0000
2.1645 -0.7667 0.0000 0.0000
2.1655 -0.7656 0.0000 0.0000
2.1665 -0.7645 0.0000 0.0000
2.1675 -0.7634 0.0000 0.0000
2.1684 -0.7623 0.0000 0.0000
2.1694 -0.7612 0.0000 0.0000
2.1704 -0.7601 0.0000 0.0000
2.1714 -0.7590 0.0000 0.0000
2.1724 -0.7579 0.0000 0.0000
2.1734 -0.7568 0.0000 0.0000
2.1744 -0.7557 0.0000 0.0000
2.1754 -0.7546 0.0000 0.0000
2.1764 -0.7535 0.0000 0.0000
2.1774 -0.7524 0.0000 0.0000
2.1783 -0.7513 0.0000 0.0000
2.1793 -0.7502 0.0000 0.0000
2.1803 -0.7490 0.0000 0.0000
2.1813 -0.7479 0.0000 0.0000
2.1823 -0.7468 0.0000 0.0000
2.1833 -0.7457 0.0000 0.0000
2.1843 -0.7446 0.0000 0.0000
2.1853 -0.7435 0.0000 0.0000
2.1863 -0.7424 0.0000 0.0000
2.1873 -0.7413 0.0000 0.0000
2.1882 -0.7402 0.0000 0.0000
2.1892 -0.7391 0.0000 0.0000
2.1902 -0.7380 0.0000 0.0000
2.1912 -0.7368 0.0000 0.0000
2.1922 -0.7357 0.0000 0.0000
2.1932 -0.7346 0.0000 0.0000
2.1942 -0.7335 0.0000 0.0000
2.1952 -0.7324 0.0000 0.0000
2.1962 -0.7313 0.0000 0.0000
2.1972 -0.7302 0.0000 0.0000
2.1981 -0.7291 0.0000 0.0000
2.1991 -0.7280 0.0000 0.0000
2.2001 -0.7268 0.0000 0.0000
2.2011 -0.7257 0.0000 0.0000
2.2021 -0.7246 0.0000 0.0000
2.2031 -0.7235 0.0000 0.0000
2.2041 -0.7224 0.0000 0.0000
2.2051 -0.7213 0.0000 0.0000
2.2061 -0.7202 0.0000 0.0000
2.2071 -0.7190 0.0000 0.0000
2.2081 -0.7179 0.0000 0.0000
2.2090 -0.7168 0.0000 0.0000
2.2100 -0.7157 0.0000 0.0000
2.2110 -0.7146 0.0000 0.0000
2.2120 -0.7135 0.0000 0.0000
2.2130 -0.7123 0.0000 0.0000
2.2140 -0.7112 0.0000 0.0000
2.2150 -0.7101 0.0000 0.0000
2.2160 -0.7090 0.0000 0.0000
2.2170 -0.7079 0.0000 0.0000
2.2180 -0.7068 0.0000 0.0000
2.2190 -0.7056 0.0000 0.0000
2.2199 -0.7045 0.0000 0.0000
2.2209 -0.7034 0.0000 0.0000
2.2219 -0.7023 0.0000 0.0000
2.2229 -0.7012 0.0000 0.0000
2.2239 -0.7000 0.0000 0.0000
2.2249 -0.6989 0.0000 0.0000
2.2259 -0.6978 0.0000 0.0000
2.2269 -0.6967 0.0000 0.0000
2.2279 -0.6956 0.0000 0.0000
2.2289 -0.6945 0.0000 0.0000
2.2299 -0.6933 0.0000 0.0000
2.2309 -0.6922 0.0000 0.0000
2.2319 -0.6911 0.0000 0.0000
2.2328 -0.6900 0.0000 0.0000
2.2338 -0.6889 0.0000 0.0000
2.2348 -0.6877 0.0000 0.0000
2.2358 -0.6866 0.0000 0.0000
2.2368 -0.6855 0.0000 0.0000
2.2378 -0.6844 0.0000 0.0000
2.2388 -0.6833 0.0000 0.0000
2.2398 -0.6821 0.0000 0.0000
2.2408 -0.6810 0.0000 0.0000
2.2418 -0.6799 0.0000 0.0000
2.2428 -0.6788 0.0000 0.0000
2.2438 -0.6777 0.0000 0.0000
2.2447 -0.6766 0.0000 0.0000
2.2457 -0.6754 0.0000 0.0000
2.2467 -0.6743 0.0000 0.0000
2.2477 -0.6732 0.0000 0.0000
2.2487 -0.6721 0.0000 0.0000
2.2497 -0.6710 0.0000 0.0000
2.2507 -0.6698 0.0000 0.0000
2.2517 -0.6687 0.0000 0.0000
2.2527 -0.6676 0.0000 0.0000
2.2537 -0.6665 0.0000 0.0000
2.2547 -0.6654 0.0000 0.0000
2.2557 -0.6642 0.0000 0.0000
2.2567 -0.6631 0.0000 0.0000
2.2577 -0.6620 0.0000 0.0000
2.2586 -0.6609 0.0000 0.0000
2.2596 -0.6598 0.0000 0.0000
2.2606 -0.6587 0.0000 0.0000
2.2616 -0.6575 0.0000 0.0000
2.2626 -0.6564 0.0000 0.0000
2.2636 -0.6553 0.0000 0.0000
2.2646 -0.6542 0.0000 0.0000
2.2656 -0.6531 0.0000 0.0000
2.2666 -0.6519 0.0000 0.0000
2.2676 -0.6508 0.0000 0.0000
2.2686 -0.6497 0.0000 0.0000
2.2696 -0.6486 0.0000 0.0000
2.2706 -0.6475 0.0000 0.0000
2.2716 -0.6464 0.0000 0.0000
2.2726 -0.6452 0.0000 0.0000
2.2735 -0.6441 0.0000 0.0000
2.2745 -0.6430 0.0000 0.0000
2.2755 -0.6419 0.0000 0.0000
2.2765 -0.6408 0.0000 0.0000
2.2775 -0.6397 0.0000 0.0000
2.2785 -0.6386 0.0000 0.0000
2.2795 -0.6374 0.0000 0.0000
2.2805 -0.6363 0.0000 0.0000
2.2815 -0.6352 0.0000 0.0000
2.2825 -0.6341 0.0000 0.0000
2.2835 -0.6330 0.0000 0.0000
2.2845 -0.6319 0.0000 0.0000
2.2855 -0.6308 0.0000 0.0000
2.2865 -0.6296 0.0000 0.0000
2.2875 -0.6285 0.0000 0.0000
2.2885 -0.6274 0.0000 0.0000
2.2895 -0.6263 0.0000 0.0000
2.2904 -0.6252 0.0000 0.0000
2.2914 -0.6241 0.0000 0.0000
2.2924 -0.6230 0.0000 0.0000
2.2934 -0.6219 0.0000 0.0000
2.2944 -0.6208 0.0000 0.0000
2.2954 -0.6196 0.0000 0.0000
2.2964 -0.6185 0.0000 0.0000
2.2974 -0.6174 0.0000 0.0000
2.2984 -0.6163 0.0000 0.0000
2.2994 -0.6152 0.0000 0.0000
2.3004 -0.6141 0.0000 0.0000
2.3014 -0.6130 0.0000 0.0000
2.3024 -0.6119 0.0000 0.0000
2.3034 -0.6108 0.0000 0.0000
2.3044 -0.6097 0.0000 0.0000
2.3054 -0.6086 0.0000 0.0000
2.3064 -0.6075 0.0000 0.0000
2.3074 -0.6063 0.0000 0.0000
2.3084 -0.6052 0.0000 0.0000
2.3093 -0.6041 0.0000 0.0000
2.3103 -0.6030 0.0000 0.0000
2.3113 -0.6019 0.0000 0.0000
2.3123 -0.6008 0.0000 0.0000
2.3133 -0.5997 0.0000 0.0000
2.3143 -0.5986 0.0000 0.0000
2.3153 -0.5975 0.0000 0.0000
2.3163 -0.5964 0.0000 0.0000
2.3173 -0.5953 0.0000 0.0000
2.3183 -0.5942 0.0000 0.0000
2.3193 -0.5931 0.0000 0.0000
2.3203 -0.5920 0.0000 0.0000
2.3213 -0.5909 0.0000 0.0000
2.3223 -0.5898 0.0000 0.0000
2.3233 -0.5887 0.0000 0.0000
2.3243 -0.5876 0.0000 0.0000
2.3253 -0.5865 0.0000 0.0000
2.3263 -0.5854 0.0000 0.0000
2.3273 -0.5843 0.0000 0.0000
2.3283 -0.5832 0.0000 0.0000
2.3293 -0.5821 0.0000 0.0000
2.3303 -0.5811 0.0000 0.0000
2.3312 -0.5800 0.0000 0.0000
2.3322 -0.5789 0.0000 0.0000
2.3332 -0.5778 0.0000 0.0000
2.3342 -0.5767 0.0000 0.0000
2.3352 -0.5756 0.0000 0.0000
2.3362 -0.5745 0.0000 0.0000
2.3372 -0.5734 0.0000 0.0000
2.3382 -0.5723 0.0000 0.0000
2.3392 -0.5712 0.0000 0.0000
2.3402 -0.5701 0.0000 0.0000
2.3412 -0.5691 0.0000 0.0000
2.3422 -0.5680 0.0000 0.0000
2.3432 -0.5669 0.0000 0.0000
2.3442 -0.5658 0.0000 0.0000
2.3452 -0.5647 0.0000 0.0000
2.3462 -0.5636 0.0000 0.0000
2.3472 -0.5626 0.0000 0.0000
2.3482 -0.5615 0.0000 0.0000
2.3492 -0.5604 0.0000 0.0000
2.3502 -0.5593 0.0000 0.0000
2.3512 -0.5582 0.0000 0.0000
2.3522 -0.5571 0.0000 0.0000
2.3532 -0.5561 0.0000 0.0000
2.3542 -0.5550 0.0000 0.0000
2.3552 -0.5539 0.0000 0.0000
2.3562 -0.5528 0.0000 0.0000
2.3572 -0.5518 0.0000 0.0000
2.3582 -0.5507 0.0000 0.0000
2.3592 -0.5496 0.0000 0.0000
2.3601 -0.5485 0.0000 0.0000
2.3611 -0.5475 0.0000 0.0000
2.3621 -0.5464 0.0000 0.0000
2.3631 -0.5453 0.0000 0.0000
2.3641 -0.5443 0.0000 0.0000
2.3651 -0.5432 0.0000 0.0000
2.3661 -0.5421 0.0000 0.0000
2.3671 -0.5411 0.0000 0.0000
2.3681 -0.5400 0.0000 0.0000
2.3691 -0.5389 0.0000 0.0000
2.3701 -0.5379 0.0000 0.0000
2.3711 -0.5368 0.0000 0.0000
2.3721 -0.5357 0.0000 0.0000
2.3731 -0.5347 0.0000 0.0000
2.3741 -0.5336 0.0000 0.0000
2.3751 -0.5325 0.0000 0.0000
2.3761 -0.5315 0.0000 0.0000
2.3771 -0.5304 0.0000 0.0000
2.3781 -0.5294 0.0000 0.0000
2.3791 -0.5283 0.0000 0.0000
2.3801 -0.5273 0.0000 0.0000
2.3811 -0.5262 0.0000 0.0000
2.3821 -0.5251 0.0000 0.0000
2.3831 -0.5241 0.0000 0.0000
2.3841 -0.5230 0.0000 0.0000
2.3851 -0.5220 0.0000 0.0000
2.3861 -0.5209 0.0000 0.0000
2.3871 -0.5199 0.0000 0.0000
2.3881 -0.5188 0.0000 0.0000
2.3891 -0.5178 0.0000 0.0000
2.3901 -0.5167 0.0000 0.0000
2.3911 -0.5157 0.0000 0.0000
2.3921 -0.5147 0.0000 0.0000
2.3931 -0.5136 0.0000 0.0000
2.3941 -0.5126 0.0000 0.0000
2.3951 -0.5115 0.0000 0.0000
2.3961 -0.5105 0.0000 0.0000
2.3971 -0.5094 0.0000 0.0000
2.3981 -0.5084 0.0000 0.0000
2.3991 -0.5074 0.0000 0.0000
2.4001 -0.5063 0.0000 0.0000
2.4011 -0.5053 0.0000 0.0000
2.4021 -0.5043 0.0000 0.0000
2.4031 -0.5032 0.0000 0.0000
2.4041 -0.5022 0.0000 0.0000
2.4051 -0.5012 0.0000 0.0000
2.4061 -0.5001 0.0000 0.0000
2.4071 -0.4991 0.0000 0.0000
2.4081 -0.4981 0.0000 0.0000
2.4091 -0.4971 0.0000 0.0000
2.4101 -0.4960 0.0000 0.0000
2.4111 -0.4950 0.0000 0.0000
2.4121 -0.4940 0.0000 0.0000
2.4131 -0.4930 0.0000 0.0000
2.4141 -0.4919 0.0000 0.0000
