SOSS/trace/SOSS_wavelength_dependent_tilt.ecsv
# %ECSV 0.9
# ---
# datatype:
# - {name: Wavelength, datatype: float64}
# - {name: order 1, datatype: float64}
# - {name: order 2, datatype: float64}
# - {name: order 3, datatype: float64}
# meta: {description: This file was created by Loic Albert using the tilt_wave_dependency.ipynb python notebook. It used the deep stack
#     obtained at CV3 to characterize the monochromatic tilt for order 1. The wavelength solution used to convert from spectral pixels
#     to wavelength is the one characterized by Loic Albert using the laser lamps observations.}
# schema: astropy-2.0
Wavelength "order 1" "order 2" "order 3"
0.8132 -0.1792 0.0000 0.0000
0.8142 -0.1816 0.0000 0.0000
0.8151 -0.1840 0.0000 0.0000
0.8161 -0.1864 0.0000 0.0000
0.8170 -0.1888 0.0000 0.0000
0.8179 -0.1912 0.0000 0.0000
0.8189 -0.1936 0.0000 0.0000
0.8198 -0.1959 0.0000 0.0000
0.8208 -0.1983 0.0000 0.0000
0.8217 -0.2007 0.0000 0.0000
0.8226 -0.2031 0.0000 0.0000
0.8236 -0.2055 0.0000 0.0000
0.8245 -0.2078 0.0000 0.0000
0.8254 -0.2102 0.0000 0.0000
0.8264 -0.2126 0.0000 0.0000
0.8273 -0.2150 0.0000 0.0000
0.8283 -0.2173 0.0000 0.0000
0.8292 -0.2197 0.0000 0.0000
0.8301 -0.2220 0.0000 0.0000
0.8311 -0.2244 0.0000 0.0000
0.8320 -0.2268 0.0000 0.0000
0.8330 -0.2291 0.0000 0.0000
0.8339 -0.2315 0.0000 0.0000
0.8348 -0.2338 0.0000 0.0000
0.8358 -0.2361 0.0000 0.0000
0.8367 -0.2385 0.0000 0.0000
0.8377 -0.2408 0.0000 0.0000
0.8386 -0.2432 0.0000 0.0000
0.8395 -0.2455 0.0000 0.0000
0.8405 -0.2478 0.0000 0.0000
0.8414 -0.2502 0.0000 0.0000
0.8423 -0.2525 0.0000 0.0000
0.8433 -0.2548 0.0000 0.0000
0.8442 -0.2571 0.0000 0.0000
0.8452 -0.2595 0.0000 0.0000
0.8461 -0.2618 0.0000 0.0000
0.8470 -0.2641 0.0000 0.0000
0.8480 -0.2664 0.0000 0.0000
0.8489 -0.2687 0.0000 0.0000
0.8499 -0.2710 0.0000 0.0000
0.8508 -0.2733 0.0000 0.0000
0.8517 -0.2756 0.0000 0.0000
0.8527 -0.2779 0.0000 0.0000
0.8536 -0.2802 0.0000 0.0000
0.8546 -0.2825 0.0000 0.0000
0.8555 -0.2848 0.0000 0.0000
0.8564 -0.2871 0.0000 0.0000
0.8574 -0.2894 0.0000 0.0000
0.8583 -0.2917 0.0000 0.0000
0.8593 -0.2939 0.0000 0.0000
0.8602 -0.2962 0.0000 0.0000
0.8611 -0.2985 0.0000 0.0000
0.8621 -0.3008 0.0000 0.0000
0.8630 -0.3030 0.0000 0.0000
0.8640 -0.3053 0.0000 0.0000
0.8649 -0.3076 0.0000 0.0000
0.8658 -0.3098 0.0000 0.0000
0.8668 -0.3121 0.0000 0.0000
0.8677 -0.3143 0.0000 0.0000
0.8687 -0.3166 0.0000 0.0000
0.8696 -0.3189 0.0000 0.0000
0.8705 -0.3211 0.0000 0.0000
0.8715 -0.3234 0.0000 0.0000
0.8724 -0.3256 0.0000 0.0000
0.8734 -0.3278 0.0000 0.0000
0.8743 -0.3301 0.0000 0.0000
0.8752 -0.3323 0.0000 0.0000
0.8762 -0.3345 0.0000 0.0000
0.8771 -0.3368 0.0000 0.0000
0.8781 -0.3390 0.0000 0.0000
0.8790 -0.3412 0.0000 0.0000
0.8799 -0.3435 0.0000 0.0000
0.8809 -0.3457 0.0000 0.0000
0.8818 -0.3479 0.0000 0.0000
0.8828 -0.3501 0.0000 0.0000
0.8837 -0.3523 0.0000 0.0000
0.8847 -0.3545 0.0000 0.0000
0.8856 -0.3567 0.0000 0.0000
0.8865 -0.3589 0.0000 0.0000
0.8875 -0.3611 0.0000 0.0000
0.8884 -0.3633 0.0000 0.0000
0.8894 -0.3655 0.0000 0.0000
0.8903 -0.3677 0.0000 0.0000
0.8912 -0.3699 0.0000 0.0000
0.8922 -0.3721 0.0000 0.0000
0.8931 -0.3743 0.0000 0.0000
0.8941 -0.3765 0.0000 0.0000
0.8950 -0.3787 0.0000 0.0000
0.8959 -0.3808 0.0000 0.0000
0.8969 -0.3830 0.0000 0.0000
0.8978 -0.3852 0.0000 0.0000
0.8988 -0.3873 0.0000 0.0000
0.8997 -0.3895 0.0000 0.0000
0.9007 -0.3917 0.0000 0.0000
0.9016 -0.3938 0.0000 0.0000
0.9025 -0.3960 0.0000 0.0000
0.9035 -0.3982 0.0000 0.0000
0.9044 -0.4003 0.0000 0.0000
0.9054 -0.4025 0.0000 0.0000
0.9063 -0.4046 0.0000 0.0000
0.9072 -0.4067 0.0000 0.0000
0.9082 -0.4089 0.0000 0.0000
0.9091 -0.4110 0.0000 0.0000
0.9101 -0.4132 0.0000 0.0000
0.9110 -0.4153 0.0000 0.0000
0.9120 -0.4174 0.0000 0.0000
0.9129 -0.4196 0.0000 0.0000
0.9138 -0.4217 0.0000 0.0000
0.9148 -0.4238 0.0000 0.0000
0.9157 -0.4259 0.0000 0.0000
0.9167 -0.4280 0.0000 0.0000
0.9176 -0.4302 0.0000 0.0000
0.9185 -0.4323 0.0000 0.0000
0.9195 -0.4344 0.0000 0.0000
0.9204 -0.4365 0.0000 0.0000
0.9214 -0.4386 0.0000 0.0000
0.9223 -0.4407 0.0000 0.0000
0.9233 -0.4428 0.0000 0.0000
0.9242 -0.4449 0.0000 0.0000
0.9251 -0.4470 0.0000 0.0000
0.9261 -0.4491 0.0000 0.0000
0.9270 -0.4511 0.0000 0.0000
0.9280 -0.4532 0.0000 0.0000
0.9289 -0.4553 0.0000 0.0000
0.9299 -0.4574 0.0000 0.0000
0.9308 -0.4595 0.0000 0.0000
0.9317 -0.4615 0.0000 0.0000
0.9327 -0.4636 0.0000 0.0000
0.9336 -0.4657 0.0000 0.0000
0.9346 -0.4677 0.0000 0.0000
0.9355 -0.4698 0.0000 0.0000
0.9364 -0.4719 0.0000 0.0000
0.9374 -0.4739 0.0000 0.0000
0.9383 -0.4760 0.0000 0.0000
0.9393 -0.4780 0.0000 0.0000
0.9402 -0.4801 0.0000 0.0000
0.9412 -0.4821 0.0000 0.0000
0.9421 -0.4842 0.0000 0.0000
0.9430 -0.4862 0.0000 0.0000
0.9440 -0.4882 0.0000 0.0000
0.9449 -0.4903 0.0000 0.0000
0.9459 -0.4923 0.0000 0.0000
0.9468 -0.4943 0.0000 0.0000
0.9478 -0.4963 0.0000 0.0000
0.9487 -0.4984 0.0000 0.0000
0.9496 -0.5004 0.0000 0.0000
0.9506 -0.5024 0.0000 0.0000
0.9515 -0.5044 0.0000 0.0000
0.9525 -0.5064 0.0000 0.0000
0.9534 -0.5084 0.0000 0.0000
0.9544 -0.5104 0.0000 0.0000
0.9553 -0.5124 0.0000 0.0000
0.9563 -0.5144 0.0000 0.0000
0.9572 -0.5164 0.0000 0.0000
0.9581 -0.5184 0.0000 0.0000
0.9591 -0.5204 0.0000 0.0000
0.9600 -0.5224 0.0000 0.0000
0.9610 -0.5244 0.0000 0.0000
0.9619 -0.5264 0.0000 0.0000
0.9629 -0.5284 0.0000 0.0000
0.9638 -0.5303 0.0000 0.0000
0.9647 -0.5323 0.0000 0.0000
0.9657 -0.5343 0.0000 0.0000
0.9666 -0.5363 0.0000 0.0000
0.9676 -0.5382 0.0000 0.0000
0.9685 -0.5402 0.0000 0.0000
0.9695 -0.5421 0.0000 0.0000
0.9704 -0.5441 0.0000 0.0000
0.9714 -0.5461 0.0000 0.0000
0.9723 -0.5480 0.0000 0.0000
0.9732 -0.5500 0.0000 0.0000
0.9742 -0.5519 0.0000 0.0000
0.9751 -0.5538 0.0000 0.0000
0.9761 -0.5558 0.0000 0.0000
0.9770 -0.5577 0.0000 0.0000
0.9780 -0.5596 0.0000 0.0000
0.9789 -0.5616 0.0000 0.0000
0.9798 -0.5635 0.0000 0.0000
0.9808 -0.5654 0.0000 0.0000
0.9817 -0.5674 0.0000 0.0000
0.9827 -0.5693 0.0000 0.0000
0.9836 -0.5712 0.0000 0.0000
0.9846 -0.5731 0.0000 0.0000
0.9855 -0.5750 0.0000 0.0000
0.9865 -0.5769 0.0000 0.0000
0.9874 -0.5788 0.0000 0.0000
0.9883 -0.5807 0.0000 0.0000
0.9893 -0.5826 0.0000 0.0000
0.9902 -0.5845 0.0000 0.0000
0.9912 -0.5864 0.0000 0.0000
0.9921 -0.5883 0.0000 0.0000
0.9931 -0.5902 0.0000 0.0000
0.9940 -0.5921 0.0000 0.0000
0.9950 -0.5940 0.0000 0.0000
0.9959 -0.5958 0.0000 0.0000
0.9969 -0.5977 0.0000 0.0000
0.9978 -0.5996 0.0000 0.0000
0.9987 -0.6015 0.0000 0.0000
0.9997 -0.6033 0.0000 0.0000
1.0006 -0.6052 0.0000 0.0000
1.0016 -0.6070 0.0000 0.0000
1.0025 -0.6089 0.0000 0.0000
1.0035 -0.6108 0.0000 0.0000
1.0044 -0.6126 0.0000 0.0000
1.0054 -0.6145 0.0000 0.0000
1.0063 -0.6163 0.0000 0.0000
1.0072 -0.6181 0.0000 0.0000
1.0082 -0.6200 0.0000 0.0000
1.0091 -0.6218 0.0000 0.0000
1.0101 -0.6237 0.0000 0.0000
1.0110 -0.6255 0.0000 0.0000
1.0120 -0.6273 0.0000 0.0000
1.0129 -0.6291 0.0000 0.0000
1.0139 -0.6310 0.0000 0.0000
1.0148 -0.6328 0.0000 0.0000
1.0158 -0.6346 0.0000 0.0000
1.0167 -0.6364 0.0000 0.0000
1.0176 -0.6382 0.0000 0.0000
1.0186 -0.6400 0.0000 0.0000
1.0195 -0.6418 0.0000 0.0000
1.0205 -0.6436 0.0000 0.0000
1.0214 -0.6454 0.0000 0.0000
1.0224 -0.6472 0.0000 0.0000
1.0233 -0.6490 0.0000 0.0000
1.0243 -0.6508 0.0000 0.0000
1.0252 -0.6526 0.0000 0.0000
1.0262 -0.6544 0.0000 0.0000
1.0271 -0.6562 0.0000 0.0000
1.0281 -0.6579 0.0000 0.0000
1.0290 -0.6597 0.0000 0.0000
1.0299 -0.6615 0.0000 0.0000
1.0309 -0.6633 0.0000 0.0000
1.0318 -0.6650 0.0000 0.0000
1.0328 -0.6668 0.0000 0.0000
1.0337 -0.6686 0.0000 0.0000
1.0347 -0.6703 0.0000 0.0000
1.0356 -0.6721 0.0000 0.0000
1.0366 -0.6738 0.0000 0.0000
1.0375 -0.6756 0.0000 0.0000
1.0385 -0.6773 0.0000 0.0000
1.0394 -0.6791 0.0000 0.0000
1.0404 -0.6808 0.0000 0.0000
1.0413 -0.6825 0.0000 0.0000
1.0422 -0.6843 0.0000 0.0000
1.0432 -0.6860 0.0000 0.0000
1.0441 -0.6877 0.0000 0.0000
1.0451 -0.6894 0.0000 0.0000
1.0460 -0.6912 0.0000 0.0000
1.0470 -0.6929 0.0000 0.0000
1.0479 -0.6946 0.0000 0.0000
1.0489 -0.6963 0.0000 0.0000
1.0498 -0.6980 0.0000 0.0000
1.0508 -0.6997 0.0000 0.0000
1.0517 -0.7014 0.0000 0.0000
1.0527 -0.7031 0.0000 0.0000
1.0536 -0.7048 0.0000 0.0000
1.0546 -0.7065 0.0000 0.0000
1.0555 -0.7082 0.0000 0.0000
1.0564 -0.7099 0.0000 0.0000
1.0574 -0.7116 0.0000 0.0000
1.0583 -0.7133 0.0000 0.0000
1.0593 -0.7149 0.0000 0.0000
1.0602 -0.7166 0.0000 0.0000
1.0612 -0.7183 0.0000 0.0000
1.0621 -0.7200 0.0000 0.0000
1.0631 -0.7216 0.0000 0.0000
1.0640 -0.7233 0.0000 0.0000
1.0650 -0.7250 0.0000 0.0000
1.0659 -0.7266 0.0000 0.0000
1.0669 -0.7283 0.0000 0.0000
1.0678 -0.7299 0.0000 0.0000
1.0688 -0.7316 0.0000 0.0000
1.0697 -0.7332 0.0000 0.0000
1.0707 -0.7349 0.0000 0.0000
1.0716 -0.7365 0.0000 0.0000
1.0726 -0.7381 0.0000 0.0000
1.0735 -0.7398 0.0000 0.0000
1.0744 -0.7414 0.0000 0.0000
1.0754 -0.7430 0.0000 0.0000
1.0763 -0.7446 0.0000 0.0000
1.0773 -0.7463 0.0000 0.0000
1.0782 -0.7479 0.0000 0.0000
1.0792 -0.7495 0.0000 0.0000
1.0801 -0.7511 0.0000 0.0000
1.0811 -0.7527 0.0000 0.0000
1.0820 -0.7543 0.0000 0.0000
1.0830 -0.7559 0.0000 0.0000
1.0839 -0.7575 0.0000 0.0000
1.0849 -0.7591 0.0000 0.0000
1.0858 -0.7607 0.0000 0.0000
1.0868 -0.7623 0.0000 0.0000
1.0877 -0.7639 0.0000 0.0000
1.0887 -0.7655 0.0000 0.0000
1.0896 -0.7671 0.0000 0.0000
1.0906 -0.7686 0.0000 0.0000
1.0915 -0.7702 0.0000 0.0000
1.0925 -0.7718 0.0000 0.0000
1.0934 -0.7734 0.0000 0.0000
1.0944 -0.7749 0.0000 0.0000
1.0953 -0.7765 0.0000 0.0000
1.0963 -0.7780 0.0000 0.0000
1.0972 -0.7796 0.0000 0.0000
1.0982 -0.7812 0.0000 0.0000
1.0991 -0.7827 0.0000 0.0000
1.1000 -0.7843 0.0000 0.0000
1.1010 -0.7858 0.0000 0.0000
1.1019 -0.7873 0.0000 0.0000
1.1029 -0.7889 0.0000 0.0000
1.1038 -0.7904 0.0000 0.0000
1.1048 -0.7919 0.0000 0.0000
1.1057 -0.7935 0.0000 0.0000
1.1067 -0.7950 0.0000 0.0000
1.1076 -0.7965 0.0000 0.0000
1.1086 -0.7980 0.0000 0.0000
1.1095 -0.7996 0.0000 0.0000
1.1105 -0.8011 0.0000 0.0000
1.1114 -0.8026 0.0000 0.0000
1.1124 -0.8041 0.0000 0.0000
1.1133 -0.8056 0.0000 0.0000
1.1143 -0.8071 0.0000 0.0000
1.1152 -0.8086 0.0000 0.0000
1.1162 -0.8101 0.0000 0.0000
1.1171 -0.8116 0.0000 0.0000
1.1181 -0.8131 0.0000 0.0000
1.1190 -0.8146 0.0000 0.0000
1.1200 -0.8160 0.0000 0.0000
1.1209 -0.8175 0.0000 0.0000
1.1219 -0.8190 0.0000 0.0000
1.1228 -0.8205 0.0000 0.0000
1.1238 -0.8219 0.0000 0.0000
1.1247 -0.8234 0.0000 0.0000
1.1257 -0.8249 0.0000 0.0000
1.1266 -0.8263 0.0000 0.0000
1.1276 -0.8278 0.0000 0.0000
1.1285 -0.8292 0.0000 0.0000
1.1295 -0.8307 0.0000 0.0000
1.1304 -0.8321 0.0000 0.0000
1.1314 -0.8336 0.0000 0.0000
1.1323 -0.8350 0.0000 0.0000
1.1333 -0.8365 0.0000 0.0000
1.1342 -0.8379 0.0000 0.0000
1.1352 -0.8393 0.0000 0.0000
1.1361 -0.8408 0.0000 0.0000
1.1371 -0.8422 0.0000 0.0000
1.1380 -0.8436 0.0000 0.0000
1.1390 -0.8450 0.0000 0.0000
1.1399 -0.8465 0.0000 0.0000
1.1409 -0.8479 0.0000 0.0000
1.1418 -0.8493 0.0000 0.0000
1.1428 -0.8507 0.0000 0.0000
1.1437 -0.8521 0.0000 0.0000
1.1447 -0.8535 0.0000 0.0000
1.1456 -0.8549 0.0000 0.0000
1.1466 -0.8563 0.0000 0.0000
1.1475 -0.8577 0.0000 0.0000
1.1485 -0.8591 0.0000 0.0000
1.1494 -0.8605 0.0000 0.0000
1.1504 -0.8618 0.0000 0.0000
1.1513 -0.8632 0.0000 0.0000
1.1523 -0.8646 0.0000 0.0000
1.1532 -0.8660 0.0000 0.0000
1.1542 -0.8673 0.0000 0.0000
1.1551 -0.8687 0.0000 0.0000
1.1561 -0.8701 0.0000 0.0000
1.1570 -0.8714 0.0000 0.0000
1.1580 -0.8728 0.0000 0.0000
1.1589 -0.8741 0.0000 0.0000
1.1599 -0.8755 0.0000 0.0000
1.1608 -0.8768 0.0000 0.0000
1.1618 -0.8782 0.0000 0.0000
1.1627 -0.8795 0.0000 0.0000
1.1637 -0.8809 0.0000 0.0000
1.1646 -0.8822 0.0000 0.0000
1.1656 -0.8835 0.0000 0.0000
1.1665 -0.8849 0.0000 0.0000
1.1675 -0.8862 0.0000 0.0000
1.1684 -0.8875 0.0000 0.0000
1.1694 -0.8888 0.0000 0.0000
1.1703 -0.8902 0.0000 0.0000
1.1713 -0.8915 0.0000 0.0000
1.1722 -0.8928 0.0000 0.0000
1.1732 -0.8941 0.0000 0.0000
1.1741 -0.8954 0.0000 0.0000
1.1751 -0.8967 0.0000 0.0000
1.1761 -0.8980 0.0000 0.0000
1.1770 -0.8993 0.0000 0.0000
1.1780 -0.9006 0.0000 0.0000
1.1789 -0.9019 0.0000 0.0000
1.1799 -0.9031 0.0000 0.0000
1.1808 -0.9044 0.0000 0.0000
1.1818 -0.9057 0.0000 0.0000
1.1827 -0.9070 0.0000 0.0000
1.1837 -0.9083 0.0000 0.0000
1.1846 -0.9095 0.0000 0.0000
1.1856 -0.9108 0.0000 0.0000
1.1865 -0.9121 0.0000 0.0000
1.1875 -0.9133 0.0000 0.0000
1.1884 -0.9146 0.0000 0.0000
1.1894 -0.9158 0.0000 0.0000
1.1903 -0.9171 0.0000 0.0000
1.1913 -0.9183 0.0000 0.0000
1.1922 -0.9196 0.0000 0.0000
1.1932 -0.9208 0.0000 0.0000
1.1941 -0.9221 0.0000 0.0000
1.1951 -0.9233 0.0000 0.0000
1.1960 -0.9245 0.0000 0.0000
1.1970 -0.9257 0.0000 0.0000
1.1979 -0.9270 0.0000 0.0000
1.1989 -0.9282 0.0000 0.0000
1.1998 -0.9294 0.0000 0.0000
1.2008 -0.9306 0.0000 0.0000
1.2018 -0.9318 0.0000 0.0000
1.2027 -0.9331 0.0000 0.0000
1.2037 -0.9343 0.0000 0.0000
1.2046 -0.9355 0.0000 0.0000
1.2056 -0.9367 0.0000 0.0000
1.2065 -0.9379 0.0000 0.0000
1.2075 -0.9391 0.0000 0.0000
1.2084 -0.9402 0.0000 0.0000
1.2094 -0.9414 0.0000 0.0000
1.2103 -0.9426 0.0000 0.0000
1.2113 -0.9438 0.0000 0.0000
1.2122 -0.9450 0.0000 0.0000
1.2132 -0.9462 0.0000 0.0000
1.2141 -0.9473 0.0000 0.0000
1.2151 -0.9485 0.0000 0.0000
1.2160 -0.9497 0.0000 0.0000
1.2170 -0.9508 0.0000 0.0000
1.2179 -0.9520 0.0000 0.0000
1.2189 -0.9531 0.0000 0.0000
1.2199 -0.9543 0.0000 0.0000
1.2208 -0.9554 0.0000 0.0000
1.2218 -0.9566 0.0000 0.0000
1.2227 -0.9577 0.0000 0.0000
1.2237 -0.9589 0.0000 0.0000
1.2246 -0.9600 0.0000 0.0000
1.2256 -0.9611 0.0000 0.0000
1.2265 -0.9623 0.0000 0.0000
1.2275 -0.9634 0.0000 0.0000
1.2284 -0.9645 0.0000 0.0000
1.2294 -0.9656 0.0000 0.0000
1.2303 -0.9668 0.0000 0.0000
1.2313 -0.9679 0.0000 0.0000
1.2322 -0.9690 0.0000 0.0000
1.2332 -0.9701 0.0000 0.0000
1.2342 -0.9712 0.0000 0.0000
1.2351 -0.9723 0.0000 0.0000
1.2361 -0.9734 0.0000 0.0000
1.2370 -0.9745 0.0000 0.0000
1.2380 -0.9756 0.0000 0.0000
1.2389 -0.9767 0.0000 0.0000
1.2399 -0.9778 0.0000 0.0000
1.2408 -0.9789 0.0000 0.0000
1.2418 -0.9799 0.0000 0.0000
1.2427 -0.9810 0.0000 0.0000
1.2437 -0.9821 0.0000 0.0000
1.2446 -0.9832 0.0000 0.0000
1.2456 -0.9842 0.0000 0.0000
1.2466 -0.9853 0.0000 0.0000
1.2475 -0.9863 0.0000 0.0000
1.2485 -0.9874 0.0000 0.0000
1.2494 -0.9885 0.0000 0.0000
1.2504 -0.9895 0.0000 0.0000
1.2513 -0.9906 0.0000 0.0000
1.2523 -0.9916 0.0000 0.0000
1.2532 -0.9926 0.0000 0.0000
1.2542 -0.9937 0.0000 0.0000
1.2551 -0.9947 0.0000 0.0000
1.2561 -0.9958 0.0000 0.0000
1.2571 -0.9968 0.0000 0.0000
1.2580 -0.9978 0.0000 0.0000
1.2590 -0.9988 0.0000 0.0000
1.2599 -0.9999 0.0000 0.0000
1.2609 -1.0009 0.0000 0.0000
1.2618 -1.0019 0.0000 0.0000
1.2628 -1.0029 0.0000 0.0000
1.2637 -1.0039 0.0000 0.0000
1.2647 -1.0049 0.0000 0.0000
1.2656 -1.0059 0.0000 0.0000
1.2666 -1.0069 0.0000 0.0000
1.2676 -1.0079 0.0000 0.0000
1.2685 -1.0089 0.0000 0.0000
1.2695 -1.0099 0.0000 0.0000
1.2704 -1.0109 0.0000 0.0000
1.2714 -1.0118 0.0000 0.0000
1.2723 -1.0128 0.0000 0.0000
1.2733 -1.0138 0.0000 0.0000
1.2742 -1.0148 0.0000 0.0000
1.2752 -1.0157 0.0000 0.0000
1.2761 -1.0167 0.0000 0.0000
1.2771 -1.0177 0.0000 0.0000
1.2781 -1.0186 0.0000 0.0000
1.2790 -1.0196 0.0000 0.0000
1.2800 -1.0205 0.0000 0.0000
1.2809 -1.0215 0.0000 0.0000
1.2819 -1.0224 0.0000 0.0000
1.2828 -1.0234 0.0000 0.0000
1.2838 -1.0243 0.0000 0.0000
1.2847 -1.0253 0.0000 0.0000
1.2857 -1.0262 0.0000 0.0000
1.2867 -1.0271 0.0000 0.0000
1.2876 -1.0280 0.0000 0.0000
1.2886 -1.0290 0.0000 0.0000
1.2895 -1.0299 0.0000 0.0000
1.2905 -1.0308 0.0000 0.0000
1.2914 -1.0317 0.0000 0.0000
1.2924 -1.0326 0.0000 0.0000
1.2933 -1.0335 0.0000 0.0000
1.2943 -1.0345 0.0000 0.0000
1.2953 -1.0354 0.0000 0.0000
1.2962 -1.0363 0.0000 0.0000
1.2972 -1.0372 0.0000 0.0000
1.2981 -1.0380 0.0000 0.0000
1.2991 -1.0389 0.0000 0.0000
1.3000 -1.0398 0.0000 0.0000
1.3010 -1.0407 0.0000 0.0000
1.3019 -1.0416 0.0000 0.0000
1.3029 -1.0425 0.0000 0.0000
1.3039 -1.0433 0.0000 0.0000
1.3048 -1.0442 0.0000 0.0000
1.3058 -1.0451 0.0000 0.0000
1.3067 -1.0459 0.0000 0.0000
1.3077 -1.0468 0.0000 0.0000
1.3086 -1.0477 0.0000 0.0000
1.3096 -1.0485 0.0000 0.0000
1.3106 -1.0494 0.0000 0.0000
1.3115 -1.0502 0.0000 0.0000
1.3125 -1.0511 0.0000 0.0000
1.3134 -1.0519 0.0000 0.0000
1.3144 -1.0527 0.0000 0.0000
1.3153 -1.0536 0.0000 0.0000
1.3163 -1.0544 0.0000 0.0000
1.3173 -1.0552 0.0000 0.0000
1.3182 -1.0561 0.0000 0.0000
1.3192 -1.0569 0.0000 0.0000
1.3201 -1.0577 0.0000 0.0000
1.3211 -1.0585 0.0000 0.0000
1.3220 -1.0593 0.0000 0.0000
1.3230 -1.0602 0.0000 0.0000
1.3239 -1.0610 0.0000 0.0000
1.3249 -1.0618 0.0000 0.0000
1.3259 -1.0626 0.0000 0.0000
1.3268 -1.0634 0.0000 0.0000
1.3278 -1.0642 0.0000 0.0000
1.3287 -1.0649 0.0000 0.0000
1.3297 -1.0657 0.0000 0.0000
1.3306 -1.0665 0.0000 0.0000
1.3316 -1.0673 0.0000 0.0000
1.3326 -1.0681 0.0000 0.0000
1.3335 -1.0689 0.0000 0.0000
1.3345 -1.0696 0.0000 0.0000
