SOSS/PSFs/SOSS_wavelength_dependent_tilt_sim.ecsv
# %ECSV 0.9
# ---
# datatype:
# - {name: Wavelength, datatype: float64}
# - {name: order1, datatype: float64}
# - {name: order2, datatype: float64}
# - {name: order3, datatype: float64}
# meta: {description: This file was created by soss_characterize_sim_tilt.py}
# schema: astropy-2.0
Wavelength order1 order2 order3
0.5000 -2.8912 -2.8912 -2.8912
0.5010 -2.8915 -2.8915 -2.8915
0.5020 -2.8919 -2.8919 -2.8919
0.5030 -2.8923 -2.8923 -2.8923
0.5040 -2.8926 -2.8926 -2.8926
0.5050 -2.8930 -2.8930 -2.8930
0.5060 -2.8933 -2.8933 -2.8933
0.5070 -2.8937 -2.8937 -2.8937
0.5080 -2.8941 -2.8941 -2.8941
0.5090 -2.8944 -2.8944 -2.8944
0.5100 -2.8948 -2.8948 -2.8948
0.5110 -2.8951 -2.8951 -2.8951
0.5120 -2.8955 -2.8955 -2.8955
0.5130 -2.8959 -2.8959 -2.8959
0.5140 -2.8962 -2.8962 -2.8962
0.5150 -2.8966 -2.8966 -2.8966
0.5160 -2.8970 -2.8970 -2.8970
0.5170 -2.8973 -2.8973 -2.8973
0.5180 -2.8977 -2.8977 -2.8977
0.5190 -2.8980 -2.8980 -2.8980
0.5200 -2.8984 -2.8984 -2.8984
0.5210 -2.8988 -2.8988 -2.8988
0.5220 -2.8991 -2.8991 -2.8991
0.5230 -2.8995 -2.8995 -2.8995
0.5240 -2.8998 -2.8998 -2.8998
0.5250 -2.9002 -2.9002 -2.9002
0.5260 -2.9006 -2.9006 -2.9006
0.5270 -2.9009 -2.9009 -2.9009
0.5280 -2.9013 -2.9013 -2.9013
0.5290 -2.9016 -2.9016 -2.9016
0.5300 -2.9020 -2.9020 -2.9020
0.5310 -2.9024 -2.9024 -2.9024
0.5320 -2.9027 -2.9027 -2.9027
0.5330 -2.9031 -2.9031 -2.9031
0.5340 -2.9034 -2.9034 -2.9034
0.5350 -2.9038 -2.9038 -2.9038
0.5360 -2.9042 -2.9042 -2.9042
0.5370 -2.9045 -2.9045 -2.9045
0.5380 -2.9049 -2.9049 -2.9049
0.5390 -2.9053 -2.9053 -2.9053
0.5400 -2.9056 -2.9056 -2.9056
0.5410 -2.9060 -2.9060 -2.9060
0.5420 -2.9063 -2.9063 -2.9063
0.5430 -2.9067 -2.9067 -2.9067
0.5440 -2.9071 -2.9071 -2.9071
0.5450 -2.9074 -2.9074 -2.9074
0.5460 -2.9078 -2.9078 -2.9078
0.5470 -2.9081 -2.9081 -2.9081
0.5480 -2.9085 -2.9085 -2.9085
0.5490 -2.9089 -2.9089 -2.9089
0.5500 -2.9092 -2.9092 -2.9092
0.5510 -2.9096 -2.9096 -2.9096
0.5520 -2.9099 -2.9099 -2.9099
0.5530 -2.9103 -2.9103 -2.9103
0.5540 -2.9107 -2.9107 -2.9107
0.5550 -2.9110 -2.9110 -2.9110
0.5560 -2.9114 -2.9114 -2.9114
0.5570 -2.9117 -2.9117 -2.9117
0.5580 -2.9121 -2.9121 -2.9121
0.5590 -2.9125 -2.9125 -2.9125
0.5600 -2.9128 -2.9128 -2.9128
0.5610 -2.9132 -2.9132 -2.9132
0.5620 -2.9136 -2.9136 -2.9136
0.5630 -2.9139 -2.9139 -2.9139
0.5640 -2.9143 -2.9143 -2.9143
0.5650 -2.9146 -2.9146 -2.9146
0.5660 -2.9150 -2.9150 -2.9150
0.5670 -2.9154 -2.9154 -2.9154
0.5680 -2.9157 -2.9157 -2.9157
0.5690 -2.9161 -2.9161 -2.9161
0.5700 -2.9164 -2.9164 -2.9164
0.5710 -2.9168 -2.9168 -2.9168
0.5720 -2.9172 -2.9172 -2.9172
0.5730 -2.9175 -2.9175 -2.9175
0.5740 -2.9179 -2.9179 -2.9179
0.5750 -2.9182 -2.9182 -2.9182
0.5760 -2.9186 -2.9186 -2.9186
0.5770 -2.9190 -2.9190 -2.9190
0.5780 -2.9193 -2.9193 -2.9193
0.5790 -2.9197 -2.9197 -2.9197
0.5800 -2.9200 -2.9200 -2.9200
0.5810 -2.9204 -2.9204 -2.9204
0.5820 -2.9208 -2.9208 -2.9208
0.5830 -2.9211 -2.9211 -2.9211
0.5840 -2.9215 -2.9215 -2.9215
0.5850 -2.9219 -2.9219 -2.9219
0.5860 -2.9222 -2.9222 -2.9222
0.5870 -2.9226 -2.9226 -2.9226
0.5880 -2.9229 -2.9229 -2.9229
0.5890 -2.9233 -2.9233 -2.9233
0.5900 -2.9237 -2.9237 -2.9237
0.5910 -2.9240 -2.9240 -2.9240
0.5920 -2.9244 -2.9244 -2.9244
0.5930 -2.9247 -2.9247 -2.9247
0.5940 -2.9251 -2.9251 -2.9251
0.5950 -2.9255 -2.9255 -2.9255
0.5960 -2.9258 -2.9258 -2.9258
0.5970 -2.9262 -2.9262 -2.9262
0.5980 -2.9265 -2.9265 -2.9265
0.5990 -2.9269 -2.9269 -2.9269
0.6000 -2.9273 -2.9273 -2.9273
0.6010 -2.9272 -2.9272 -2.9272
0.6020 -2.9271 -2.9271 -2.9271
0.6030 -2.9270 -2.9270 -2.9270
0.6040 -2.9269 -2.9269 -2.9269
0.6050 -2.9268 -2.9268 -2.9268
0.6060 -2.9267 -2.9267 -2.9267
0.6070 -2.9266 -2.9266 -2.9266
0.6080 -2.9265 -2.9265 -2.9265
0.6090 -2.9264 -2.9264 -2.9264
0.6100 -2.9263 -2.9263 -2.9263
0.6110 -2.9262 -2.9262 -2.9262
0.6120 -2.9261 -2.9261 -2.9261
0.6130 -2.9260 -2.9260 -2.9260
0.6140 -2.9259 -2.9259 -2.9259
0.6150 -2.9258 -2.9258 -2.9258
0.6160 -2.9257 -2.9257 -2.9257
0.6170 -2.9256 -2.9256 -2.9256
0.6180 -2.9255 -2.9255 -2.9255
0.6190 -2.9254 -2.9254 -2.9254
0.6200 -2.9253 -2.9253 -2.9253
0.6210 -2.9252 -2.9252 -2.9252
0.6220 -2.9251 -2.9251 -2.9251
0.6230 -2.9250 -2.9250 -2.9250
0.6240 -2.9249 -2.9249 -2.9249
0.6250 -2.9248 -2.9248 -2.9248
0.6260 -2.9247 -2.9247 -2.9247
0.6270 -2.9246 -2.9246 -2.9246
0.6280 -2.9245 -2.9245 -2.9245
0.6290 -2.9244 -2.9244 -2.9244
0.6300 -2.9243 -2.9243 -2.9243
0.6310 -2.9242 -2.9242 -2.9242
0.6320 -2.9241 -2.9241 -2.9241
0.6330 -2.9240 -2.9240 -2.9240
0.6340 -2.9239 -2.9239 -2.9239
0.6350 -2.9238 -2.9238 -2.9238
0.6360 -2.9237 -2.9237 -2.9237
0.6370 -2.9236 -2.9236 -2.9236
0.6380 -2.9235 -2.9235 -2.9235
0.6390 -2.9234 -2.9234 -2.9234
0.6400 -2.9233 -2.9233 -2.9233
0.6410 -2.9232 -2.9232 -2.9232
0.6420 -2.9232 -2.9232 -2.9232
0.6430 -2.9231 -2.9231 -2.9231
0.6440 -2.9230 -2.9230 -2.9230
0.6450 -2.9229 -2.9229 -2.9229
0.6460 -2.9228 -2.9228 -2.9228
0.6470 -2.9227 -2.9227 -2.9227
0.6480 -2.9226 -2.9226 -2.9226
0.6490 -2.9225 -2.9225 -2.9225
0.6500 -2.9224 -2.9224 -2.9224
0.6510 -2.9223 -2.9223 -2.9223
0.6520 -2.9222 -2.9222 -2.9222
0.6530 -2.9221 -2.9221 -2.9221
0.6540 -2.9220 -2.9220 -2.9220
0.6550 -2.9219 -2.9219 -2.9219
0.6560 -2.9218 -2.9218 -2.9218
0.6570 -2.9217 -2.9217 -2.9217
0.6580 -2.9216 -2.9216 -2.9216
0.6590 -2.9215 -2.9215 -2.9215
0.6600 -2.9214 -2.9214 -2.9214
0.6610 -2.9213 -2.9213 -2.9213
0.6620 -2.9212 -2.9212 -2.9212
0.6630 -2.9211 -2.9211 -2.9211
0.6640 -2.9210 -2.9210 -2.9210
0.6650 -2.9209 -2.9209 -2.9209
0.6660 -2.9208 -2.9208 -2.9208
0.6670 -2.9207 -2.9207 -2.9207
0.6680 -2.9206 -2.9206 -2.9206
0.6690 -2.9205 -2.9205 -2.9205
0.6700 -2.9204 -2.9204 -2.9204
0.6710 -2.9203 -2.9203 -2.9203
0.6720 -2.9202 -2.9202 -2.9202
0.6730 -2.9201 -2.9201 -2.9201
0.6740 -2.9200 -2.9200 -2.9200
0.6750 -2.9199 -2.9199 -2.9199
0.6760 -2.9198 -2.9198 -2.9198
0.6770 -2.9197 -2.9197 -2.9197
0.6780 -2.9196 -2.9196 -2.9196
0.6790 -2.9195 -2.9195 -2.9195
0.6800 -2.9194 -2.9194 -2.9194
0.6810 -2.9193 -2.9193 -2.9193
0.6820 -2.9192 -2.9192 -2.9192
0.6830 -2.9191 -2.9191 -2.9191
0.6840 -2.9190 -2.9190 -2.9190
0.6850 -2.9189 -2.9189 -2.9189
0.6860 -2.9188 -2.9188 -2.9188
0.6870 -2.9187 -2.9187 -2.9187
0.6880 -2.9186 -2.9186 -2.9186
0.6890 -2.9185 -2.9185 -2.9185
0.6900 -2.9184 -2.9184 -2.9184
0.6910 -2.9184 -2.9184 -2.9184
0.6920 -2.9183 -2.9183 -2.9183
0.6930 -2.9182 -2.9182 -2.9182
0.6940 -2.9181 -2.9181 -2.9181
0.6950 -2.9180 -2.9180 -2.9180
0.6960 -2.9179 -2.9179 -2.9179
0.6970 -2.9178 -2.9178 -2.9178
0.6980 -2.9177 -2.9177 -2.9177
0.6990 -2.9176 -2.9176 -2.9176
0.7000 -2.9175 -2.9175 -2.9175
0.7010 -2.9168 -2.9168 -2.9168
0.7020 -2.9161 -2.9161 -2.9161
0.7030 -2.9154 -2.9154 -2.9154
0.7040 -2.9147 -2.9147 -2.9147
0.7050 -2.9140 -2.9140 -2.9140
0.7060 -2.9134 -2.9134 -2.9134
0.7070 -2.9127 -2.9127 -2.9127
0.7080 -2.9120 -2.9120 -2.9120
0.7090 -2.9113 -2.9113 -2.9113
0.7100 -2.9106 -2.9106 -2.9106
0.7110 -2.9099 -2.9099 -2.9099
0.7120 -2.9093 -2.9093 -2.9093
0.7130 -2.9086 -2.9086 -2.9086
0.7140 -2.9079 -2.9079 -2.9079
0.7150 -2.9072 -2.9072 -2.9072
0.7160 -2.9065 -2.9065 -2.9065
0.7170 -2.9058 -2.9058 -2.9058
0.7180 -2.9051 -2.9051 -2.9051
0.7190 -2.9045 -2.9045 -2.9045
0.7200 -2.9038 -2.9038 -2.9038
0.7210 -2.9031 -2.9031 -2.9031
0.7220 -2.9024 -2.9024 -2.9024
0.7230 -2.9017 -2.9017 -2.9017
0.7240 -2.9010 -2.9010 -2.9010
0.7250 -2.9004 -2.9004 -2.9004
0.7260 -2.8997 -2.8997 -2.8997
0.7270 -2.8990 -2.8990 -2.8990
0.7280 -2.8983 -2.8983 -2.8983
0.7290 -2.8976 -2.8976 -2.8976
0.7300 -2.8969 -2.8969 -2.8969
0.7310 -2.8962 -2.8962 -2.8962
0.7320 -2.8956 -2.8956 -2.8956
0.7330 -2.8949 -2.8949 -2.8949
0.7340 -2.8942 -2.8942 -2.8942
0.7350 -2.8935 -2.8935 -2.8935
0.7360 -2.8928 -2.8928 -2.8928
0.7370 -2.8921 -2.8921 -2.8921
0.7380 -2.8915 -2.8915 -2.8915
0.7390 -2.8908 -2.8908 -2.8908
0.7400 -2.8901 -2.8901 -2.8901
0.7410 -2.8894 -2.8894 -2.8894
0.7420 -2.8887 -2.8887 -2.8887
0.7430 -2.8880 -2.8880 -2.8880
0.7440 -2.8873 -2.8873 -2.8873
0.7450 -2.8867 -2.8867 -2.8867
0.7460 -2.8860 -2.8860 -2.8860
0.7470 -2.8853 -2.8853 -2.8853
0.7480 -2.8846 -2.8846 -2.8846
0.7490 -2.8839 -2.8839 -2.8839
0.7500 -2.8832 -2.8832 -2.8832
0.7510 -2.8826 -2.8826 -2.8826
0.7520 -2.8819 -2.8819 -2.8819
0.7530 -2.8812 -2.8812 -2.8812
0.7540 -2.8805 -2.8805 -2.8805
0.7550 -2.8798 -2.8798 -2.8798
0.7560 -2.8791 -2.8791 -2.8791
0.7570 -2.8784 -2.8784 -2.8784
0.7580 -2.8778 -2.8778 -2.8778
0.7590 -2.8771 -2.8771 -2.8771
0.7600 -2.8764 -2.8764 -2.8764
0.7610 -2.8757 -2.8757 -2.8757
0.7620 -2.8750 -2.8750 -2.8750
0.7630 -2.8743 -2.8743 -2.8743
0.7640 -2.8737 -2.8737 -2.8737
0.7650 -2.8730 -2.8730 -2.8730
0.7660 -2.8723 -2.8723 -2.8723
0.7670 -2.8716 -2.8716 -2.8716
0.7680 -2.8709 -2.8709 -2.8709
0.7690 -2.8702 -2.8702 -2.8702
0.7700 -2.8695 -2.8695 -2.8695
0.7710 -2.8689 -2.8689 -2.8689
0.7720 -2.8682 -2.8682 -2.8682
0.7730 -2.8675 -2.8675 -2.8675
0.7740 -2.8668 -2.8668 -2.8668
0.7750 -2.8661 -2.8661 -2.8661
0.7760 -2.8654 -2.8654 -2.8654
0.7770 -2.8648 -2.8648 -2.8648
0.7780 -2.8641 -2.8641 -2.8641
0.7790 -2.8634 -2.8634 -2.8634
0.7800 -2.8627 -2.8627 -2.8627
0.7810 -2.8620 -2.8620 -2.8620
0.7820 -2.8613 -2.8613 -2.8613
0.7830 -2.8606 -2.8606 -2.8606
0.7840 -2.8600 -2.8600 -2.8600
0.7850 -2.8593 -2.8593 -2.8593
0.7860 -2.8586 -2.8586 -2.8586
0.7870 -2.8579 -2.8579 -2.8579
0.7880 -2.8572 -2.8572 -2.8572
0.7890 -2.8565 -2.8565 -2.8565
0.7900 -2.8559 -2.8559 -2.8559
0.7910 -2.8552 -2.8552 -2.8552
0.7920 -2.8545 -2.8545 -2.8545
0.7930 -2.8538 -2.8538 -2.8538
0.7940 -2.8531 -2.8531 -2.8531
0.7950 -2.8524 -2.8524 -2.8524
0.7960 -2.8517 -2.8517 -2.8517
0.7970 -2.8511 -2.8511 -2.8511
0.7980 -2.8504 -2.8504 -2.8504
0.7990 -2.8497 -2.8497 -2.8497
0.8000 -2.8490 -2.8490 -2.8490
0.8010 -2.8478 -2.8478 -2.8478
0.8020 -2.8467 -2.8467 -2.8467
0.8030 -2.8455 -2.8455 -2.8455
0.8040 -2.8444 -2.8444 -2.8444
0.8050 -2.8432 -2.8432 -2.8432
0.8060 -2.8420 -2.8420 -2.8420
0.8070 -2.8409 -2.8409 -2.8409
0.8080 -2.8397 -2.8397 -2.8397
0.8090 -2.8385 -2.8385 -2.8385
0.8100 -2.8374 -2.8374 -2.8374
0.8110 -2.8362 -2.8362 -2.8362
0.8120 -2.8351 -2.8351 -2.8351
0.8130 -2.8339 -2.8339 -2.8339
0.8140 -2.8327 -2.8327 -2.8327
0.8150 -2.8316 -2.8316 -2.8316
0.8160 -2.8304 -2.8304 -2.8304
0.8170 -2.8292 -2.8292 -2.8292
0.8180 -2.8281 -2.8281 -2.8281
0.8190 -2.8269 -2.8269 -2.8269
0.8200 -2.8258 -2.8258 -2.8258
0.8210 -2.8246 -2.8246 -2.8246
0.8220 -2.8234 -2.8234 -2.8234
0.8230 -2.8223 -2.8223 -2.8223
0.8240 -2.8211 -2.8211 -2.8211
0.8250 -2.8200 -2.8200 -2.8200
0.8260 -2.8188 -2.8188 -2.8188
0.8270 -2.8176 -2.8176 -2.8176
0.8280 -2.8165 -2.8165 -2.8165
0.8290 -2.8153 -2.8153 -2.8153
0.8300 -2.8141 -2.8141 -2.8141
0.8310 -2.8130 -2.8130 -2.8130
0.8320 -2.8118 -2.8118 -2.8118
0.8330 -2.8107 -2.8107 -2.8107
0.8340 -2.8095 -2.8095 -2.8095
0.8350 -2.8083 -2.8083 -2.8083
0.8360 -2.8072 -2.8072 -2.8072
0.8370 -2.8060 -2.8060 -2.8060
0.8380 -2.8048 -2.8048 -2.8048
0.8390 -2.8037 -2.8037 -2.8037
0.8400 -2.8025 -2.8025 -2.8025
0.8410 -2.8014 -2.8014 -2.8014
0.8420 -2.8002 -2.8002 -2.8002
0.8430 -2.7990 -2.7990 -2.7990
0.8440 -2.7979 -2.7979 -2.7979
0.8450 -2.7967 -2.7967 -2.7967
0.8460 -2.7956 -2.7956 -2.7956
0.8470 -2.7944 -2.7944 -2.7944
0.8480 -2.7932 -2.7932 -2.7932
0.8490 -2.7921 -2.7921 -2.7921
0.8500 -2.7909 -2.7909 -2.7909
0.8510 -2.7897 -2.7897 -2.7897
0.8520 -2.7886 -2.7886 -2.7886
0.8530 -2.7874 -2.7874 -2.7874
0.8540 -2.7863 -2.7863 -2.7863
0.8550 -2.7851 -2.7851 -2.7851
0.8560 -2.7839 -2.7839 -2.7839
0.8570 -2.7828 -2.7828 -2.7828
0.8580 -2.7816 -2.7816 -2.7816
0.8590 -2.7804 -2.7804 -2.7804
0.8600 -2.7793 -2.7793 -2.7793
0.8610 -2.7781 -2.7781 -2.7781
0.8620 -2.7770 -2.7770 -2.7770
0.8630 -2.7758 -2.7758 -2.7758
0.8640 -2.7746 -2.7746 -2.7746
0.8650 -2.7735 -2.7735 -2.7735
0.8660 -2.7723 -2.7723 -2.7723
0.8670 -2.7711 -2.7711 -2.7711
0.8680 -2.7700 -2.7700 -2.7700
0.8690 -2.7688 -2.7688 -2.7688
0.8700 -2.7677 -2.7677 -2.7677
0.8710 -2.7665 -2.7665 -2.7665
0.8720 -2.7653 -2.7653 -2.7653
0.8730 -2.7642 -2.7642 -2.7642
0.8740 -2.7630 -2.7630 -2.7630
0.8750 -2.7619 -2.7619 -2.7619
0.8760 -2.7607 -2.7607 -2.7607
0.8770 -2.7595 -2.7595 -2.7595
0.8780 -2.7584 -2.7584 -2.7584
0.8790 -2.7572 -2.7572 -2.7572
0.8800 -2.7560 -2.7560 -2.7560
0.8810 -2.7549 -2.7549 -2.7549
0.8820 -2.7537 -2.7537 -2.7537
0.8830 -2.7526 -2.7526 -2.7526
0.8840 -2.7514 -2.7514 -2.7514
0.8850 -2.7502 -2.7502 -2.7502
0.8860 -2.7491 -2.7491 -2.7491
0.8870 -2.7479 -2.7479 -2.7479
0.8880 -2.7467 -2.7467 -2.7467
0.8890 -2.7456 -2.7456 -2.7456
0.8900 -2.7444 -2.7444 -2.7444
0.8910 -2.7433 -2.7433 -2.7433
0.8920 -2.7421 -2.7421 -2.7421
0.8930 -2.7409 -2.7409 -2.7409
0.8940 -2.7398 -2.7398 -2.7398
0.8950 -2.7386 -2.7386 -2.7386
0.8960 -2.7375 -2.7375 -2.7375
0.8970 -2.7363 -2.7363 -2.7363
0.8980 -2.7351 -2.7351 -2.7351
0.8990 -2.7340 -2.7340 -2.7340
0.9000 -2.7328 -2.7328 -2.7328
0.9010 -2.7316 -2.7316 -2.7316
0.9020 -2.7304 -2.7304 -2.7304
0.9030 -2.7292 -2.7292 -2.7292
0.9040 -2.7280 -2.7280 -2.7280
0.9050 -2.7269 -2.7269 -2.7269
0.9060 -2.7257 -2.7257 -2.7257
0.9070 -2.7245 -2.7245 -2.7245
0.9080 -2.7233 -2.7233 -2.7233
0.9090 -2.7221 -2.7221 -2.7221
0.9100 -2.7209 -2.7209 -2.7209
0.9110 -2.7197 -2.7197 -2.7197
0.9120 -2.7185 -2.7185 -2.7185
0.9130 -2.7174 -2.7174 -2.7174
0.9140 -2.7162 -2.7162 -2.7162
0.9150 -2.7150 -2.7150 -2.7150
0.9160 -2.7138 -2.7138 -2.7138
0.9170 -2.7126 -2.7126 -2.7126
0.9180 -2.7114 -2.7114 -2.7114
0.9190 -2.7102 -2.7102 -2.7102
0.9200 -2.7090 -2.7090 -2.7090
0.9210 -2.7078 -2.7078 -2.7078
0.9220 -2.7067 -2.7067 -2.7067
0.9230 -2.7055 -2.7055 -2.7055
0.9240 -2.7043 -2.7043 -2.7043
0.9250 -2.7031 -2.7031 -2.7031
0.9260 -2.7019 -2.7019 -2.7019
0.9270 -2.7007 -2.7007 -2.7007
0.9280 -2.6995 -2.6995 -2.6995
0.9290 -2.6983 -2.6983 -2.6983
0.9300 -2.6972 -2.6972 -2.6972
0.9310 -2.6960 -2.6960 -2.6960
0.9320 -2.6948 -2.6948 -2.6948
0.9330 -2.6936 -2.6936 -2.6936
0.9340 -2.6924 -2.6924 -2.6924
0.9350 -2.6912 -2.6912 -2.6912
0.9360 -2.6900 -2.6900 -2.6900
0.9370 -2.6888 -2.6888 -2.6888
0.9380 -2.6876 -2.6876 -2.6876
0.9390 -2.6865 -2.6865 -2.6865
0.9400 -2.6853 -2.6853 -2.6853
0.9410 -2.6841 -2.6841 -2.6841
0.9420 -2.6829 -2.6829 -2.6829
0.9430 -2.6817 -2.6817 -2.6817
0.9440 -2.6805 -2.6805 -2.6805
0.9450 -2.6793 -2.6793 -2.6793
0.9460 -2.6781 -2.6781 -2.6781
0.9470 -2.6770 -2.6770 -2.6770
0.9480 -2.6758 -2.6758 -2.6758
0.9490 -2.6746 -2.6746 -2.6746
0.9500 -2.6734 -2.6734 -2.6734
0.9510 -2.6722 -2.6722 -2.6722
0.9520 -2.6710 -2.6710 -2.6710
0.9530 -2.6698 -2.6698 -2.6698
0.9540 -2.6686 -2.6686 -2.6686
0.9550 -2.6674 -2.6674 -2.6674
0.9560 -2.6663 -2.6663 -2.6663
0.9570 -2.6651 -2.6651 -2.6651
0.9580 -2.6639 -2.6639 -2.6639
0.9590 -2.6627 -2.6627 -2.6627
0.9600 -2.6615 -2.6615 -2.6615
0.9610 -2.6603 -2.6603 -2.6603
0.9620 -2.6591 -2.6591 -2.6591
0.9630 -2.6579 -2.6579 -2.6579
0.9640 -2.6568 -2.6568 -2.6568
0.9650 -2.6556 -2.6556 -2.6556
0.9660 -2.6544 -2.6544 -2.6544
0.9670 -2.6532 -2.6532 -2.6532
0.9680 -2.6520 -2.6520 -2.6520
0.9690 -2.6508 -2.6508 -2.6508
0.9700 -2.6496 -2.6496 -2.6496
0.9710 -2.6484 -2.6484 -2.6484
0.9720 -2.6472 -2.6472 -2.6472
0.9730 -2.6461 -2.6461 -2.6461
0.9740 -2.6449 -2.6449 -2.6449
0.9750 -2.6437 -2.6437 -2.6437
0.9760 -2.6425 -2.6425 -2.6425
0.9770 -2.6413 -2.6413 -2.6413
0.9780 -2.6401 -2.6401 -2.6401
0.9790 -2.6389 -2.6389 -2.6389
0.9800 -2.6377 -2.6377 -2.6377
0.9810 -2.6366 -2.6366 -2.6366
0.9820 -2.6354 -2.6354 -2.6354
0.9830 -2.6342 -2.6342 -2.6342
0.9840 -2.6330 -2.6330 -2.6330
0.9850 -2.6318 -2.6318 -2.6318
0.9860 -2.6306 -2.6306 -2.6306
0.9870 -2.6294 -2.6294 -2.6294
0.9880 -2.6282 -2.6282 -2.6282
0.9890 -2.6270 -2.6270 -2.6270
0.9900 -2.6259 -2.6259 -2.6259
0.9910 -2.6247 -2.6247 -2.6247
0.9920 -2.6235 -2.6235 -2.6235
0.9930 -2.6223 -2.6223 -2.6223
0.9940 -2.6211 -2.6211 -2.6211
0.9950 -2.6199 -2.6199 -2.6199
0.9960 -2.6187 -2.6187 -2.6187
0.9970 -2.6175 -2.6175 -2.6175
0.9980 -2.6164 -2.6164 -2.6164
0.9990 -2.6152 -2.6152 -2.6152
1.0000 -2.6140 -2.6140 -2.6140
1.0010 -2.6129 -2.6129 -2.6129
1.0020 -2.6119 -2.6119 -2.6119
1.0030 -2.6108 -2.6108 -2.6108
1.0040 -2.6098 -2.6098 -2.6098
1.0050 -2.6087 -2.6087 -2.6087
1.0060 -2.6077 -2.6077 -2.6077
1.0070 -2.6066 -2.6066 -2.6066
1.0080 -2.6055 -2.6055 -2.6055
1.0090 -2.6045 -2.6045 -2.6045
1.0100 -2.6034 -2.6034 -2.6034
1.0110 -2.6024 -2.6024 -2.6024
1.0120 -2.6013 -2.6013 -2.6013
1.0130 -2.6003 -2.6003 -2.6003
1.0140 -2.5992 -2.5992 -2.5992
1.0150 -2.5982 -2.5982 -2.5982
