SOSS/PSFs/SOSS_wavelength_dependent_tilt_sim.ecsv
# %ECSV 0.9
# ---
# datatype:
# - {name: Wavelength, datatype: float64}
# - {name: order1, datatype: float64}
# - {name: order2, datatype: float64}
# - {name: order3, datatype: float64}
# meta: {description: This file was created by soss_characterize_sim_tilt.py}
# schema: astropy-2.0
Wavelength order1 order2 order3
[from data line 2065]
2.5650 -2.0360 -2.0360 -2.0360
2.5660 -2.0360 -2.0360 -2.0360
2.5670 -2.0359 -2.0359 -2.0359
2.5680 -2.0358 -2.0358 -2.0358
2.5690 -2.0357 -2.0357 -2.0357
2.5700 -2.0356 -2.0356 -2.0356
2.5710 -2.0355 -2.0355 -2.0355
2.5720 -2.0354 -2.0354 -2.0354
2.5730 -2.0354 -2.0354 -2.0354
2.5740 -2.0353 -2.0353 -2.0353
2.5750 -2.0352 -2.0352 -2.0352
2.5760 -2.0351 -2.0351 -2.0351
2.5770 -2.0350 -2.0350 -2.0350
2.5780 -2.0349 -2.0349 -2.0349
2.5790 -2.0348 -2.0348 -2.0348
2.5800 -2.0348 -2.0348 -2.0348
2.5810 -2.0347 -2.0347 -2.0347
2.5820 -2.0346 -2.0346 -2.0346
2.5830 -2.0345 -2.0345 -2.0345
2.5840 -2.0344 -2.0344 -2.0344
2.5850 -2.0343 -2.0343 -2.0343
2.5860 -2.0342 -2.0342 -2.0342
2.5870 -2.0341 -2.0341 -2.0341
2.5880 -2.0341 -2.0341 -2.0341
2.5890 -2.0340 -2.0340 -2.0340
2.5900 -2.0339 -2.0339 -2.0339
2.5910 -2.0338 -2.0338 -2.0338
2.5920 -2.0337 -2.0337 -2.0337
2.5930 -2.0336 -2.0336 -2.0336
2.5940 -2.0335 -2.0335 -2.0335
2.5950 -2.0335 -2.0335 -2.0335
2.5960 -2.0334 -2.0334 -2.0334
2.5970 -2.0333 -2.0333 -2.0333
2.5980 -2.0332 -2.0332 -2.0332
2.5990 -2.0331 -2.0331 -2.0331
2.6000 -2.0330 -2.0330 -2.0330
2.6010 -2.0329 -2.0329 -2.0329
2.6020 -2.0329 -2.0329 -2.0329
2.6030 -2.0328 -2.0328 -2.0328
2.6040 -2.0327 -2.0327 -2.0327
2.6050 -2.0326 -2.0326 -2.0326
2.6060 -2.0325 -2.0325 -2.0325
2.6070 -2.0325 -2.0325 -2.0325
2.6080 -2.0324 -2.0324 -2.0324
2.6090 -2.0323 -2.0323 -2.0323
2.6100 -2.0322 -2.0322 -2.0322
2.6110 -2.0321 -2.0321 -2.0321
2.6120 -2.0320 -2.0320 -2.0320
2.6130 -2.0320 -2.0320 -2.0320
2.6140 -2.0319 -2.0319 -2.0319
2.6150 -2.0318 -2.0318 -2.0318
2.6160 -2.0317 -2.0317 -2.0317
2.6170 -2.0316 -2.0316 -2.0316
2.6180 -2.0315 -2.0315 -2.0315
2.6190 -2.0315 -2.0315 -2.0315
2.6200 -2.0314 -2.0314 -2.0314
2.6210 -2.0313 -2.0313 -2.0313
2.6220 -2.0312 -2.0312 -2.0312
2.6230 -2.0311 -2.0311 -2.0311
2.6240 -2.0310 -2.0310 -2.0310
2.6250 -2.0310 -2.0310 -2.0310
2.6260 -2.0309 -2.0309 -2.0309
2.6270 -2.0308 -2.0308 -2.0308
2.6280 -2.0307 -2.0307 -2.0307
2.6290 -2.0306 -2.0306 -2.0306
2.6300 -2.0305 -2.0305 -2.0305
2.6310 -2.0305 -2.0305 -2.0305
2.6320 -2.0304 -2.0304 -2.0304
2.6330 -2.0303 -2.0303 -2.0303
2.6340 -2.0302 -2.0302 -2.0302
2.6350 -2.0301 -2.0301 -2.0301
2.6360 -2.0300 -2.0300 -2.0300
2.6370 -2.0300 -2.0300 -2.0300
2.6380 -2.0299 -2.0299 -2.0299
2.6390 -2.0298 -2.0298 -2.0298
2.6400 -2.0297 -2.0297 -2.0297
2.6410 -2.0296 -2.0296 -2.0296
2.6420 -2.0296 -2.0296 -2.0296
2.6430 -2.0295 -2.0295 -2.0295
2.6440 -2.0294 -2.0294 -2.0294
2.6450 -2.0293 -2.0293 -2.0293
2.6460 -2.0292 -2.0292 -2.0292
2.6470 -2.0291 -2.0291 -2.0291
2.6480 -2.0291 -2.0291 -2.0291
2.6490 -2.0290 -2.0290 -2.0290
2.6500 -2.0289 -2.0289 -2.0289
2.6510 -2.0288 -2.0288 -2.0288
2.6520 -2.0287 -2.0287 -2.0287
2.6530 -2.0286 -2.0286 -2.0286
2.6540 -2.0286 -2.0286 -2.0286
2.6550 -2.0285 -2.0285 -2.0285
2.6560 -2.0284 -2.0284 -2.0284
2.6570 -2.0283 -2.0283 -2.0283
2.6580 -2.0282 -2.0282 -2.0282
2.6590 -2.0281 -2.0281 -2.0281
2.6600 -2.0281 -2.0281 -2.0281
2.6610 -2.0280 -2.0280 -2.0280
2.6620 -2.0279 -2.0279 -2.0279
2.6630 -2.0278 -2.0278 -2.0278
2.6640 -2.0277 -2.0277 -2.0277
2.6650 -2.0276 -2.0276 -2.0276
2.6660 -2.0276 -2.0276 -2.0276
2.6670 -2.0275 -2.0275 -2.0275
2.6680 -2.0274 -2.0274 -2.0274
2.6690 -2.0273 -2.0273 -2.0273
2.6700 -2.0272 -2.0272 -2.0272
2.6710 -2.0271 -2.0271 -2.0271
2.6720 -2.0271 -2.0271 -2.0271
2.6730 -2.0270 -2.0270 -2.0270
2.6740 -2.0269 -2.0269 -2.0269
2.6750 -2.0268 -2.0268 -2.0268
2.6760 -2.0267 -2.0267 -2.0267
2.6770 -2.0266 -2.0266 -2.0266
2.6780 -2.0266 -2.0266 -2.0266
2.6790 -2.0265 -2.0265 -2.0265
2.6800 -2.0264 -2.0264 -2.0264
2.6810 -2.0263 -2.0263 -2.0263
2.6820 -2.0262 -2.0262 -2.0262
2.6830 -2.0262 -2.0262 -2.0262
2.6840 -2.0261 -2.0261 -2.0261
2.6850 -2.0260 -2.0260 -2.0260
2.6860 -2.0259 -2.0259 -2.0259
2.6870 -2.0258 -2.0258 -2.0258
2.6880 -2.0257 -2.0257 -2.0257
2.6890 -2.0257 -2.0257 -2.0257
2.6900 -2.0256 -2.0256 -2.0256
2.6910 -2.0255 -2.0255 -2.0255
2.6920 -2.0254 -2.0254 -2.0254
2.6930 -2.0253 -2.0253 -2.0253
2.6940 -2.0252 -2.0252 -2.0252
2.6950 -2.0252 -2.0252 -2.0252
2.6960 -2.0251 -2.0251 -2.0251
2.6970 -2.0250 -2.0250 -2.0250
2.6980 -2.0249 -2.0249 -2.0249
2.6990 -2.0248 -2.0248 -2.0248
2.7000 -2.0247 -2.0247 -2.0247
2.7010 -2.0247 -2.0247 -2.0247
2.7020 -2.0246 -2.0246 -2.0246
2.7030 -2.0246 -2.0246 -2.0246
2.7040 -2.0245 -2.0245 -2.0245
2.7050 -2.0244 -2.0244 -2.0244
2.7060 -2.0244 -2.0244 -2.0244
2.7070 -2.0243 -2.0243 -2.0243
2.7080 -2.0243 -2.0243 -2.0243
2.7090 -2.0242 -2.0242 -2.0242
2.7100 -2.0241 -2.0241 -2.0241
2.7110 -2.0241 -2.0241 -2.0241
2.7120 -2.0240 -2.0240 -2.0240
2.7130 -2.0240 -2.0240 -2.0240
2.7140 -2.0239 -2.0239 -2.0239
2.7150 -2.0238 -2.0238 -2.0238
2.7160 -2.0238 -2.0238 -2.0238
2.7170 -2.0237 -2.0237 -2.0237
2.7180 -2.0237 -2.0237 -2.0237
2.7190 -2.0236 -2.0236 -2.0236
2.7200 -2.0235 -2.0235 -2.0235
2.7210 -2.0235 -2.0235 -2.0235
2.7220 -2.0234 -2.0234 -2.0234
2.7230 -2.0234 -2.0234 -2.0234
2.7240 -2.0233 -2.0233 -2.0233
2.7250 -2.0232 -2.0232 -2.0232
2.7260 -2.0232 -2.0232 -2.0232
2.7270 -2.0231 -2.0231 -2.0231
2.7280 -2.0231 -2.0231 -2.0231
2.7290 -2.0230 -2.0230 -2.0230
2.7300 -2.0229 -2.0229 -2.0229
2.7310 -2.0229 -2.0229 -2.0229
2.7320 -2.0228 -2.0228 -2.0228
2.7330 -2.0228 -2.0228 -2.0228
2.7340 -2.0227 -2.0227 -2.0227
2.7350 -2.0226 -2.0226 -2.0226
2.7360 -2.0226 -2.0226 -2.0226
2.7370 -2.0225 -2.0225 -2.0225
2.7380 -2.0224 -2.0224 -2.0224
2.7390 -2.0224 -2.0224 -2.0224
2.7400 -2.0223 -2.0223 -2.0223
2.7410 -2.0223 -2.0223 -2.0223
2.7420 -2.0222 -2.0222 -2.0222
2.7430 -2.0221 -2.0221 -2.0221
2.7440 -2.0221 -2.0221 -2.0221
2.7450 -2.0220 -2.0220 -2.0220
2.7460 -2.0220 -2.0220 -2.0220
2.7470 -2.0219 -2.0219 -2.0219
2.7480 -2.0218 -2.0218 -2.0218
2.7490 -2.0218 -2.0218 -2.0218
2.7500 -2.0217 -2.0217 -2.0217
2.7510 -2.0217 -2.0217 -2.0217
2.7520 -2.0216 -2.0216 -2.0216
2.7530 -2.0215 -2.0215 -2.0215
2.7540 -2.0215 -2.0215 -2.0215
2.7550 -2.0214 -2.0214 -2.0214
2.7560 -2.0214 -2.0214 -2.0214
2.7570 -2.0213 -2.0213 -2.0213
2.7580 -2.0212 -2.0212 -2.0212
2.7590 -2.0212 -2.0212 -2.0212
2.7600 -2.0211 -2.0211 -2.0211
2.7610 -2.0211 -2.0211 -2.0211
2.7620 -2.0210 -2.0210 -2.0210
2.7630 -2.0209 -2.0209 -2.0209
2.7640 -2.0209 -2.0209 -2.0209
2.7650 -2.0208 -2.0208 -2.0208
2.7660 -2.0208 -2.0208 -2.0208
2.7670 -2.0207 -2.0207 -2.0207
2.7680 -2.0206 -2.0206 -2.0206
2.7690 -2.0206 -2.0206 -2.0206
2.7700 -2.0205 -2.0205 -2.0205
2.7710 -2.0205 -2.0205 -2.0205
2.7720 -2.0204 -2.0204 -2.0204
2.7730 -2.0203 -2.0203 -2.0203
2.7740 -2.0203 -2.0203 -2.0203
2.7750 -2.0202 -2.0202 -2.0202
2.7760 -2.0202 -2.0202 -2.0202
2.7770 -2.0201 -2.0201 -2.0201
2.7780 -2.0200 -2.0200 -2.0200
2.7790 -2.0200 -2.0200 -2.0200
2.7800 -2.0199 -2.0199 -2.0199
2.7810 -2.0199 -2.0199 -2.0199
2.7820 -2.0198 -2.0198 -2.0198
2.7830 -2.0197 -2.0197 -2.0197
2.7840 -2.0197 -2.0197 -2.0197
2.7850 -2.0196 -2.0196 -2.0196
2.7860 -2.0196 -2.0196 -2.0196
2.7870 -2.0195 -2.0195 -2.0195
2.7880 -2.0194 -2.0194 -2.0194
2.7890 -2.0194 -2.0194 -2.0194
2.7900 -2.0193 -2.0193 -2.0193
2.7910 -2.0193 -2.0193 -2.0193
2.7920 -2.0192 -2.0192 -2.0192
2.7930 -2.0191 -2.0191 -2.0191
2.7940 -2.0191 -2.0191 -2.0191
2.7950 -2.0190 -2.0190 -2.0190
2.7960 -2.0189 -2.0189 -2.0189
2.7970 -2.0189 -2.0189 -2.0189
2.7980 -2.0188 -2.0188 -2.0188
2.7990 -2.0188 -2.0188 -2.0188
2.8000 -2.0187 -2.0187 -2.0187
2.8010 -2.0186 -2.0186 -2.0186
2.8020 -2.0186 -2.0186 -2.0186
2.8030 -2.0185 -2.0185 -2.0185
2.8040 -2.0184 -2.0184 -2.0184
2.8050 -2.0184 -2.0184 -2.0184
2.8060 -2.0183 -2.0183 -2.0183
2.8070 -2.0182 -2.0182 -2.0182
2.8080 -2.0181 -2.0181 -2.0181
2.8090 -2.0181 -2.0181 -2.0181
2.8100 -2.0180 -2.0180 -2.0180
2.8110 -2.0179 -2.0179 -2.0179
2.8120 -2.0179 -2.0179 -2.0179
2.8130 -2.0178 -2.0178 -2.0178
2.8140 -2.0177 -2.0177 -2.0177
2.8150 -2.0177 -2.0177 -2.0177
2.8160 -2.0176 -2.0176 -2.0176
2.8170 -2.0175 -2.0175 -2.0175
2.8180 -2.0174 -2.0174 -2.0174
2.8190 -2.0174 -2.0174 -2.0174
2.8200 -2.0173 -2.0173 -2.0173
2.8210 -2.0172 -2.0172 -2.0172
2.8220 -2.0172 -2.0172 -2.0172
2.8230 -2.0171 -2.0171 -2.0171
2.8240 -2.0170 -2.0170 -2.0170
2.8250 -2.0169 -2.0169 -2.0169
2.8260 -2.0169 -2.0169 -2.0169
2.8270 -2.0168 -2.0168 -2.0168
2.8280 -2.0167 -2.0167 -2.0167
2.8290 -2.0167 -2.0167 -2.0167
2.8300 -2.0166 -2.0166 -2.0166
2.8310 -2.0165 -2.0165 -2.0165
2.8320 -2.0165 -2.0165 -2.0165
2.8330 -2.0164 -2.0164 -2.0164
2.8340 -2.0163 -2.0163 -2.0163
2.8350 -2.0162 -2.0162 -2.0162
2.8360 -2.0162 -2.0162 -2.0162
2.8370 -2.0161 -2.0161 -2.0161
2.8380 -2.0160 -2.0160 -2.0160
2.8390 -2.0160 -2.0160 -2.0160
2.8400 -2.0159 -2.0159 -2.0159
2.8410 -2.0158 -2.0158 -2.0158
2.8420 -2.0157 -2.0157 -2.0157
2.8430 -2.0157 -2.0157 -2.0157
2.8440 -2.0156 -2.0156 -2.0156
2.8450 -2.0155 -2.0155 -2.0155
2.8460 -2.0155 -2.0155 -2.0155
2.8470 -2.0154 -2.0154 -2.0154
2.8480 -2.0153 -2.0153 -2.0153
2.8490 -2.0153 -2.0153 -2.0153
2.8500 -2.0152 -2.0152 -2.0152
2.8510 -2.0151 -2.0151 -2.0151
2.8520 -2.0150 -2.0150 -2.0150
2.8530 -2.0150 -2.0150 -2.0150
2.8540 -2.0149 -2.0149 -2.0149
2.8550 -2.0148 -2.0148 -2.0148
2.8560 -2.0148 -2.0148 -2.0148
2.8570 -2.0147 -2.0147 -2.0147
2.8580 -2.0146 -2.0146 -2.0146
2.8590 -2.0146 -2.0146 -2.0146
2.8600 -2.0145 -2.0145 -2.0145
2.8610 -2.0144 -2.0144 -2.0144
2.8620 -2.0143 -2.0143 -2.0143
2.8630 -2.0143 -2.0143 -2.0143
2.8640 -2.0142 -2.0142 -2.0142
2.8650 -2.0141 -2.0141 -2.0141
2.8660 -2.0141 -2.0141 -2.0141
2.8670 -2.0140 -2.0140 -2.0140
2.8680 -2.0139 -2.0139 -2.0139
2.8690 -2.0138 -2.0138 -2.0138
2.8700 -2.0138 -2.0138 -2.0138
2.8710 -2.0137 -2.0137 -2.0137
2.8720 -2.0136 -2.0136 -2.0136
2.8730 -2.0136 -2.0136 -2.0136
2.8740 -2.0135 -2.0135 -2.0135
2.8750 -2.0134 -2.0134 -2.0134
2.8760 -2.0134 -2.0134 -2.0134
2.8770 -2.0133 -2.0133 -2.0133
2.8780 -2.0132 -2.0132 -2.0132
2.8790 -2.0131 -2.0131 -2.0131
2.8800 -2.0131 -2.0131 -2.0131
2.8810 -2.0130 -2.0130 -2.0130
2.8820 -2.0129 -2.0129 -2.0129
2.8830 -2.0129 -2.0129 -2.0129
2.8840 -2.0128 -2.0128 -2.0128
2.8850 -2.0127 -2.0127 -2.0127
2.8860 -2.0127 -2.0127 -2.0127
2.8870 -2.0126 -2.0126 -2.0126
2.8880 -2.0125 -2.0125 -2.0125
2.8890 -2.0124 -2.0124 -2.0124
2.8900 -2.0124 -2.0124 -2.0124
2.8910 -2.0123 -2.0123 -2.0123
2.8920 -2.0122 -2.0122 -2.0122
2.8930 -2.0122 -2.0122 -2.0122
2.8940 -2.0121 -2.0121 -2.0121
2.8950 -2.0120 -2.0120 -2.0120
2.8960 -2.0119 -2.0119 -2.0119
2.8970 -2.0119 -2.0119 -2.0119
2.8980 -2.0118 -2.0118 -2.0118
2.8990 -2.0117 -2.0117 -2.0117
2.9000 -2.0117 -2.0117 -2.0117
2.9010 -2.0116 -2.0116 -2.0116
2.9020 -2.0115 -2.0115 -2.0115
2.9030 -2.0114 -2.0114 -2.0114
2.9040 -2.0112 -2.0112 -2.0112
2.9050 -2.0111 -2.0111 -2.0111
2.9060 -2.0110 -2.0110 -2.0110
2.9070 -2.0109 -2.0109 -2.0109
2.9080 -2.0108 -2.0108 -2.0108
2.9090 -2.0107 -2.0107 -2.0107
2.9100 -2.0106 -2.0106 -2.0106
2.9110 -2.0105 -2.0105 -2.0105
2.9120 -2.0104 -2.0104 -2.0104
2.9130 -2.0103 -2.0103 -2.0103
2.9140 -2.0102 -2.0102 -2.0102
2.9150 -2.0101 -2.0101 -2.0101
2.9160 -2.0100 -2.0100 -2.0100
2.9170 -2.0099 -2.0099 -2.0099
2.9180 -2.0098 -2.0098 -2.0098
2.9190 -2.0097 -2.0097 -2.0097
2.9200 -2.0096 -2.0096 -2.0096
2.9210 -2.0095 -2.0095 -2.0095
2.9220 -2.0094 -2.0094 -2.0094
2.9230 -2.0093 -2.0093 -2.0093
2.9240 -2.0092 -2.0092 -2.0092
2.9250 -2.0090 -2.0090 -2.0090
2.9260 -2.0089 -2.0089 -2.0089
2.9270 -2.0088 -2.0088 -2.0088
2.9280 -2.0087 -2.0087 -2.0087
2.9290 -2.0086 -2.0086 -2.0086
2.9300 -2.0085 -2.0085 -2.0085
2.9310 -2.0084 -2.0084 -2.0084
2.9320 -2.0083 -2.0083 -2.0083
2.9330 -2.0082 -2.0082 -2.0082
2.9340 -2.0081 -2.0081 -2.0081
2.9350 -2.0080 -2.0080 -2.0080
2.9360 -2.0079 -2.0079 -2.0079
2.9370 -2.0078 -2.0078 -2.0078
2.9380 -2.0077 -2.0077 -2.0077
2.9390 -2.0076 -2.0076 -2.0076
2.9400 -2.0075 -2.0075 -2.0075
2.9410 -2.0074 -2.0074 -2.0074
2.9420 -2.0073 -2.0073 -2.0073
2.9430 -2.0072 -2.0072 -2.0072
2.9440 -2.0071 -2.0071 -2.0071
2.9450 -2.0070 -2.0070 -2.0070
2.9460 -2.0068 -2.0068 -2.0068
2.9470 -2.0067 -2.0067 -2.0067
2.9480 -2.0066 -2.0066 -2.0066
2.9490 -2.0065 -2.0065 -2.0065
2.9500 -2.0064 -2.0064 -2.0064
2.9510 -2.0063 -2.0063 -2.0063
2.9520 -2.0062 -2.0062 -2.0062
2.9530 -2.0061 -2.0061 -2.0061
2.9540 -2.0060 -2.0060 -2.0060
2.9550 -2.0059 -2.0059 -2.0059
2.9560 -2.0058 -2.0058 -2.0058
2.9570 -2.0057 -2.0057 -2.0057
2.9580 -2.0056 -2.0056 -2.0056
2.9590 -2.0055 -2.0055 -2.0055
2.9600 -2.0054 -2.0054 -2.0054
2.9610 -2.0053 -2.0053 -2.0053
2.9620 -2.0052 -2.0052 -2.0052
2.9630 -2.0051 -2.0051 -2.0051
2.9640 -2.0050 -2.0050 -2.0050
2.9650 -2.0049 -2.0049 -2.0049
2.9660 -2.0048 -2.0048 -2.0048
2.9670 -2.0047 -2.0047 -2.0047
2.9680 -2.0045 -2.0045 -2.0045
2.9690 -2.0044 -2.0044 -2.0044
2.9700 -2.0043 -2.0043 -2.0043
2.9710 -2.0042 -2.0042 -2.0042
2.9720 -2.0041 -2.0041 -2.0041
2.9730 -2.0040 -2.0040 -2.0040
2.9740 -2.0039 -2.0039 -2.0039
2.9750 -2.0038 -2.0038 -2.0038
2.9760 -2.0037 -2.0037 -2.0037
2.9770 -2.0036 -2.0036 -2.0036
2.9780 -2.0035 -2.0035 -2.0035
2.9790 -2.0034 -2.0034 -2.0034
2.9800 -2.0033 -2.0033 -2.0033
2.9810 -2.0032 -2.0032 -2.0032
2.9820 -2.0031 -2.0031 -2.0031
2.9830 -2.0030 -2.0030 -2.0030
2.9840 -2.0029 -2.0029 -2.0029
2.9850 -2.0028 -2.0028 -2.0028
2.9860 -2.0027 -2.0027 -2.0027
2.9870 -2.0026 -2.0026 -2.0026
2.9880 -2.0025 -2.0025 -2.0025
2.9890 -2.0023 -2.0023 -2.0023
2.9900 -2.0022 -2.0022 -2.0022
2.9910 -2.0021 -2.0021 -2.0021
2.9920 -2.0020 -2.0020 -2.0020
2.9930 -2.0019 -2.0019 -2.0019
2.9940 -2.0018 -2.0018 -2.0018
2.9950 -2.0017 -2.0017 -2.0017
2.9960 -2.0016 -2.0016 -2.0016
2.9970 -2.0015 -2.0015 -2.0015
2.9980 -2.0014 -2.0014 -2.0014
2.9990 -2.0013 -2.0013 -2.0013
3.0000 -2.0012 -2.0012 -2.0012
