SOSS/PSFs/SOSS_wavelength_dependent_tilt_sim.ecsv
# %ECSV 0.9
# ---
# datatype:
# - {name: Wavelength, datatype: float64}
# - {name: order1, datatype: float64}
# - {name: order2, datatype: float64}
# - {name: order3, datatype: float64}
# meta: {description: This file was created by soss_characterize_sim_tilt.py}
# schema: astropy-2.0
Wavelength order1 order2 order3
[from data line 517]
1.0170 -2.5961 -2.5961 -2.5961
1.0180 -2.5950 -2.5950 -2.5950
1.0190 -2.5940 -2.5940 -2.5940
1.0200 -2.5929 -2.5929 -2.5929
1.0210 -2.5918 -2.5918 -2.5918
1.0220 -2.5908 -2.5908 -2.5908
1.0230 -2.5897 -2.5897 -2.5897
1.0240 -2.5887 -2.5887 -2.5887
1.0250 -2.5876 -2.5876 -2.5876
1.0260 -2.5866 -2.5866 -2.5866
1.0270 -2.5855 -2.5855 -2.5855
1.0280 -2.5845 -2.5845 -2.5845
1.0290 -2.5834 -2.5834 -2.5834
1.0300 -2.5824 -2.5824 -2.5824
1.0310 -2.5813 -2.5813 -2.5813
1.0320 -2.5803 -2.5803 -2.5803
1.0330 -2.5792 -2.5792 -2.5792
1.0340 -2.5781 -2.5781 -2.5781
1.0350 -2.5771 -2.5771 -2.5771
1.0360 -2.5760 -2.5760 -2.5760
1.0370 -2.5750 -2.5750 -2.5750
1.0380 -2.5739 -2.5739 -2.5739
1.0390 -2.5729 -2.5729 -2.5729
1.0400 -2.5718 -2.5718 -2.5718
1.0410 -2.5708 -2.5708 -2.5708
1.0420 -2.5697 -2.5697 -2.5697
1.0430 -2.5687 -2.5687 -2.5687
1.0440 -2.5676 -2.5676 -2.5676
1.0450 -2.5666 -2.5666 -2.5666
1.0460 -2.5655 -2.5655 -2.5655
1.0470 -2.5644 -2.5644 -2.5644
1.0480 -2.5634 -2.5634 -2.5634
1.0490 -2.5623 -2.5623 -2.5623
1.0500 -2.5613 -2.5613 -2.5613
1.0510 -2.5602 -2.5602 -2.5602
1.0520 -2.5592 -2.5592 -2.5592
1.0530 -2.5581 -2.5581 -2.5581
1.0540 -2.5571 -2.5571 -2.5571
1.0550 -2.5560 -2.5560 -2.5560
1.0560 -2.5550 -2.5550 -2.5550
1.0570 -2.5539 -2.5539 -2.5539
1.0580 -2.5528 -2.5528 -2.5528
1.0590 -2.5518 -2.5518 -2.5518
1.0600 -2.5507 -2.5507 -2.5507
1.0610 -2.5497 -2.5497 -2.5497
1.0620 -2.5486 -2.5486 -2.5486
1.0630 -2.5476 -2.5476 -2.5476
1.0640 -2.5465 -2.5465 -2.5465
1.0650 -2.5455 -2.5455 -2.5455
1.0660 -2.5444 -2.5444 -2.5444
1.0670 -2.5434 -2.5434 -2.5434
1.0680 -2.5423 -2.5423 -2.5423
1.0690 -2.5413 -2.5413 -2.5413
1.0700 -2.5402 -2.5402 -2.5402
1.0710 -2.5391 -2.5391 -2.5391
1.0720 -2.5381 -2.5381 -2.5381
1.0730 -2.5370 -2.5370 -2.5370
1.0740 -2.5360 -2.5360 -2.5360
1.0750 -2.5349 -2.5349 -2.5349
1.0760 -2.5339 -2.5339 -2.5339
1.0770 -2.5328 -2.5328 -2.5328
1.0780 -2.5318 -2.5318 -2.5318
1.0790 -2.5307 -2.5307 -2.5307
1.0800 -2.5297 -2.5297 -2.5297
1.0810 -2.5286 -2.5286 -2.5286
1.0820 -2.5276 -2.5276 -2.5276
1.0830 -2.5265 -2.5265 -2.5265
1.0840 -2.5254 -2.5254 -2.5254
1.0850 -2.5244 -2.5244 -2.5244
1.0860 -2.5233 -2.5233 -2.5233
1.0870 -2.5223 -2.5223 -2.5223
1.0880 -2.5212 -2.5212 -2.5212
1.0890 -2.5202 -2.5202 -2.5202
1.0900 -2.5191 -2.5191 -2.5191
1.0910 -2.5181 -2.5181 -2.5181
1.0920 -2.5170 -2.5170 -2.5170
1.0930 -2.5160 -2.5160 -2.5160
1.0940 -2.5149 -2.5149 -2.5149
1.0950 -2.5139 -2.5139 -2.5139
1.0960 -2.5128 -2.5128 -2.5128
1.0970 -2.5117 -2.5117 -2.5117
1.0980 -2.5107 -2.5107 -2.5107
1.0990 -2.5096 -2.5096 -2.5096
1.1000 -2.5086 -2.5086 -2.5086
1.1010 -2.5076 -2.5076 -2.5076
1.1020 -2.5067 -2.5067 -2.5067
1.1030 -2.5057 -2.5057 -2.5057
1.1040 -2.5048 -2.5048 -2.5048
1.1050 -2.5038 -2.5038 -2.5038
1.1060 -2.5029 -2.5029 -2.5029
1.1070 -2.5019 -2.5019 -2.5019
1.1080 -2.5009 -2.5009 -2.5009
1.1090 -2.5000 -2.5000 -2.5000
1.1100 -2.4990 -2.4990 -2.4990
1.1110 -2.4981 -2.4981 -2.4981
1.1120 -2.4971 -2.4971 -2.4971
1.1130 -2.4962 -2.4962 -2.4962
1.1140 -2.4952 -2.4952 -2.4952
1.1150 -2.4943 -2.4943 -2.4943
1.1160 -2.4933 -2.4933 -2.4933
1.1170 -2.4923 -2.4923 -2.4923
1.1180 -2.4914 -2.4914 -2.4914
1.1190 -2.4904 -2.4904 -2.4904
1.1200 -2.4895 -2.4895 -2.4895
1.1210 -2.4885 -2.4885 -2.4885
1.1220 -2.4876 -2.4876 -2.4876
1.1230 -2.4866 -2.4866 -2.4866
1.1240 -2.4857 -2.4857 -2.4857
1.1250 -2.4847 -2.4847 -2.4847
1.1260 -2.4838 -2.4838 -2.4838
1.1270 -2.4828 -2.4828 -2.4828
1.1280 -2.4818 -2.4818 -2.4818
1.1290 -2.4809 -2.4809 -2.4809
1.1300 -2.4799 -2.4799 -2.4799
1.1310 -2.4790 -2.4790 -2.4790
1.1320 -2.4780 -2.4780 -2.4780
1.1330 -2.4771 -2.4771 -2.4771
1.1340 -2.4761 -2.4761 -2.4761
1.1350 -2.4752 -2.4752 -2.4752
1.1360 -2.4742 -2.4742 -2.4742
1.1370 -2.4732 -2.4732 -2.4732
1.1380 -2.4723 -2.4723 -2.4723
1.1390 -2.4713 -2.4713 -2.4713
1.1400 -2.4704 -2.4704 -2.4704
1.1410 -2.4694 -2.4694 -2.4694
1.1420 -2.4685 -2.4685 -2.4685
1.1430 -2.4675 -2.4675 -2.4675
1.1440 -2.4666 -2.4666 -2.4666
1.1450 -2.4656 -2.4656 -2.4656
1.1460 -2.4646 -2.4646 -2.4646
1.1470 -2.4637 -2.4637 -2.4637
1.1480 -2.4627 -2.4627 -2.4627
1.1490 -2.4618 -2.4618 -2.4618
1.1500 -2.4608 -2.4608 -2.4608
1.1510 -2.4599 -2.4599 -2.4599
1.1520 -2.4589 -2.4589 -2.4589
1.1530 -2.4580 -2.4580 -2.4580
1.1540 -2.4570 -2.4570 -2.4570
1.1550 -2.4561 -2.4561 -2.4561
1.1560 -2.4551 -2.4551 -2.4551
1.1570 -2.4541 -2.4541 -2.4541
1.1580 -2.4532 -2.4532 -2.4532
1.1590 -2.4522 -2.4522 -2.4522
1.1600 -2.4513 -2.4513 -2.4513
1.1610 -2.4503 -2.4503 -2.4503
1.1620 -2.4494 -2.4494 -2.4494
1.1630 -2.4484 -2.4484 -2.4484
1.1640 -2.4475 -2.4475 -2.4475
1.1650 -2.4465 -2.4465 -2.4465
1.1660 -2.4455 -2.4455 -2.4455
1.1670 -2.4446 -2.4446 -2.4446
1.1680 -2.4436 -2.4436 -2.4436
1.1690 -2.4427 -2.4427 -2.4427
1.1700 -2.4417 -2.4417 -2.4417
1.1710 -2.4408 -2.4408 -2.4408
1.1720 -2.4398 -2.4398 -2.4398
1.1730 -2.4389 -2.4389 -2.4389
1.1740 -2.4379 -2.4379 -2.4379
1.1750 -2.4370 -2.4370 -2.4370
1.1760 -2.4360 -2.4360 -2.4360
1.1770 -2.4350 -2.4350 -2.4350
1.1780 -2.4341 -2.4341 -2.4341
1.1790 -2.4331 -2.4331 -2.4331
1.1800 -2.4322 -2.4322 -2.4322
1.1810 -2.4312 -2.4312 -2.4312
1.1820 -2.4303 -2.4303 -2.4303
1.1830 -2.4293 -2.4293 -2.4293
1.1840 -2.4284 -2.4284 -2.4284
1.1850 -2.4274 -2.4274 -2.4274
1.1860 -2.4264 -2.4264 -2.4264
1.1870 -2.4255 -2.4255 -2.4255
1.1880 -2.4245 -2.4245 -2.4245
1.1890 -2.4236 -2.4236 -2.4236
1.1900 -2.4226 -2.4226 -2.4226
1.1910 -2.4217 -2.4217 -2.4217
1.1920 -2.4207 -2.4207 -2.4207
1.1930 -2.4198 -2.4198 -2.4198
1.1940 -2.4188 -2.4188 -2.4188
1.1950 -2.4178 -2.4178 -2.4178
1.1960 -2.4169 -2.4169 -2.4169
1.1970 -2.4159 -2.4159 -2.4159
1.1980 -2.4150 -2.4150 -2.4150
1.1990 -2.4140 -2.4140 -2.4140
1.2000 -2.4131 -2.4131 -2.4131
1.2010 -2.4122 -2.4122 -2.4122
1.2020 -2.4114 -2.4114 -2.4114
1.2030 -2.4105 -2.4105 -2.4105
1.2040 -2.4097 -2.4097 -2.4097
1.2050 -2.4089 -2.4089 -2.4089
1.2060 -2.4080 -2.4080 -2.4080
1.2070 -2.4072 -2.4072 -2.4072
1.2080 -2.4063 -2.4063 -2.4063
1.2090 -2.4055 -2.4055 -2.4055
1.2100 -2.4046 -2.4046 -2.4046
1.2110 -2.4038 -2.4038 -2.4038
1.2120 -2.4029 -2.4029 -2.4029
1.2130 -2.4021 -2.4021 -2.4021
1.2140 -2.4013 -2.4013 -2.4013
1.2150 -2.4004 -2.4004 -2.4004
1.2160 -2.3996 -2.3996 -2.3996
1.2170 -2.3987 -2.3987 -2.3987
1.2180 -2.3979 -2.3979 -2.3979
1.2190 -2.3970 -2.3970 -2.3970
1.2200 -2.3962 -2.3962 -2.3962
1.2210 -2.3953 -2.3953 -2.3953
1.2220 -2.3945 -2.3945 -2.3945
1.2230 -2.3937 -2.3937 -2.3937
1.2240 -2.3928 -2.3928 -2.3928
1.2250 -2.3920 -2.3920 -2.3920
1.2260 -2.3911 -2.3911 -2.3911
1.2270 -2.3903 -2.3903 -2.3903
1.2280 -2.3894 -2.3894 -2.3894
1.2290 -2.3886 -2.3886 -2.3886
1.2300 -2.3877 -2.3877 -2.3877
1.2310 -2.3869 -2.3869 -2.3869
1.2320 -2.3861 -2.3861 -2.3861
1.2330 -2.3852 -2.3852 -2.3852
1.2340 -2.3844 -2.3844 -2.3844
1.2350 -2.3835 -2.3835 -2.3835
1.2360 -2.3827 -2.3827 -2.3827
1.2370 -2.3818 -2.3818 -2.3818
1.2380 -2.3810 -2.3810 -2.3810
1.2390 -2.3801 -2.3801 -2.3801
1.2400 -2.3793 -2.3793 -2.3793
1.2410 -2.3785 -2.3785 -2.3785
1.2420 -2.3776 -2.3776 -2.3776
1.2430 -2.3768 -2.3768 -2.3768
1.2440 -2.3759 -2.3759 -2.3759
1.2450 -2.3751 -2.3751 -2.3751
1.2460 -2.3742 -2.3742 -2.3742
1.2470 -2.3734 -2.3734 -2.3734
1.2480 -2.3725 -2.3725 -2.3725
1.2490 -2.3717 -2.3717 -2.3717
1.2500 -2.3708 -2.3708 -2.3708
1.2510 -2.3700 -2.3700 -2.3700
1.2520 -2.3692 -2.3692 -2.3692
1.2530 -2.3683 -2.3683 -2.3683
1.2540 -2.3675 -2.3675 -2.3675
1.2550 -2.3666 -2.3666 -2.3666
1.2560 -2.3658 -2.3658 -2.3658
1.2570 -2.3649 -2.3649 -2.3649
1.2580 -2.3641 -2.3641 -2.3641
1.2590 -2.3632 -2.3632 -2.3632
1.2600 -2.3624 -2.3624 -2.3624
1.2610 -2.3616 -2.3616 -2.3616
1.2620 -2.3607 -2.3607 -2.3607
1.2630 -2.3599 -2.3599 -2.3599
1.2640 -2.3590 -2.3590 -2.3590
1.2650 -2.3582 -2.3582 -2.3582
1.2660 -2.3573 -2.3573 -2.3573
1.2670 -2.3565 -2.3565 -2.3565
1.2680 -2.3556 -2.3556 -2.3556
1.2690 -2.3548 -2.3548 -2.3548
1.2700 -2.3540 -2.3540 -2.3540
1.2710 -2.3531 -2.3531 -2.3531
1.2720 -2.3523 -2.3523 -2.3523
1.2730 -2.3514 -2.3514 -2.3514
1.2740 -2.3506 -2.3506 -2.3506
1.2750 -2.3497 -2.3497 -2.3497
1.2760 -2.3489 -2.3489 -2.3489
1.2770 -2.3480 -2.3480 -2.3480
1.2780 -2.3472 -2.3472 -2.3472
1.2790 -2.3464 -2.3464 -2.3464
1.2800 -2.3455 -2.3455 -2.3455
1.2810 -2.3447 -2.3447 -2.3447
1.2820 -2.3438 -2.3438 -2.3438
1.2830 -2.3430 -2.3430 -2.3430
1.2840 -2.3421 -2.3421 -2.3421
1.2850 -2.3413 -2.3413 -2.3413
1.2860 -2.3404 -2.3404 -2.3404
1.2870 -2.3396 -2.3396 -2.3396
1.2880 -2.3388 -2.3388 -2.3388
1.2890 -2.3379 -2.3379 -2.3379
1.2900 -2.3371 -2.3371 -2.3371
1.2910 -2.3362 -2.3362 -2.3362
1.2920 -2.3354 -2.3354 -2.3354
1.2930 -2.3345 -2.3345 -2.3345
1.2940 -2.3337 -2.3337 -2.3337
1.2950 -2.3328 -2.3328 -2.3328
1.2960 -2.3320 -2.3320 -2.3320
1.2970 -2.3312 -2.3312 -2.3312
1.2980 -2.3303 -2.3303 -2.3303
1.2990 -2.3295 -2.3295 -2.3295
1.3000 -2.3286 -2.3286 -2.3286
1.3010 -2.3279 -2.3279 -2.3279
1.3020 -2.3273 -2.3273 -2.3273
1.3030 -2.3266 -2.3266 -2.3266
1.3040 -2.3259 -2.3259 -2.3259
1.3050 -2.3252 -2.3252 -2.3252
1.3060 -2.3246 -2.3246 -2.3246
1.3070 -2.3239 -2.3239 -2.3239
1.3080 -2.3232 -2.3232 -2.3232
1.3090 -2.3225 -2.3225 -2.3225
1.3100 -2.3218 -2.3218 -2.3218
1.3110 -2.3212 -2.3212 -2.3212
1.3120 -2.3205 -2.3205 -2.3205
1.3130 -2.3198 -2.3198 -2.3198
1.3140 -2.3191 -2.3191 -2.3191
1.3150 -2.3184 -2.3184 -2.3184
1.3160 -2.3178 -2.3178 -2.3178
1.3170 -2.3171 -2.3171 -2.3171
1.3180 -2.3164 -2.3164 -2.3164
1.3190 -2.3157 -2.3157 -2.3157
1.3200 -2.3151 -2.3151 -2.3151
1.3210 -2.3144 -2.3144 -2.3144
1.3220 -2.3137 -2.3137 -2.3137
1.3230 -2.3130 -2.3130 -2.3130
1.3240 -2.3123 -2.3123 -2.3123
1.3250 -2.3117 -2.3117 -2.3117
1.3260 -2.3110 -2.3110 -2.3110
1.3270 -2.3103 -2.3103 -2.3103
1.3280 -2.3096 -2.3096 -2.3096
1.3290 -2.3090 -2.3090 -2.3090
1.3300 -2.3083 -2.3083 -2.3083
1.3310 -2.3076 -2.3076 -2.3076
1.3320 -2.3069 -2.3069 -2.3069
1.3330 -2.3062 -2.3062 -2.3062
1.3340 -2.3056 -2.3056 -2.3056
1.3350 -2.3049 -2.3049 -2.3049
1.3360 -2.3042 -2.3042 -2.3042
1.3370 -2.3035 -2.3035 -2.3035
1.3380 -2.3028 -2.3028 -2.3028
1.3390 -2.3022 -2.3022 -2.3022
1.3400 -2.3015 -2.3015 -2.3015
1.3410 -2.3008 -2.3008 -2.3008
1.3420 -2.3001 -2.3001 -2.3001
1.3430 -2.2995 -2.2995 -2.2995
1.3440 -2.2988 -2.2988 -2.2988
1.3450 -2.2981 -2.2981 -2.2981
1.3460 -2.2974 -2.2974 -2.2974
1.3470 -2.2967 -2.2967 -2.2967
1.3480 -2.2961 -2.2961 -2.2961
1.3490 -2.2954 -2.2954 -2.2954
1.3500 -2.2947 -2.2947 -2.2947
1.3510 -2.2940 -2.2940 -2.2940
1.3520 -2.2933 -2.2933 -2.2933
1.3530 -2.2927 -2.2927 -2.2927
1.3540 -2.2920 -2.2920 -2.2920
1.3550 -2.2913 -2.2913 -2.2913
1.3560 -2.2906 -2.2906 -2.2906
1.3570 -2.2900 -2.2900 -2.2900
1.3580 -2.2893 -2.2893 -2.2893
1.3590 -2.2886 -2.2886 -2.2886
1.3600 -2.2879 -2.2879 -2.2879
1.3610 -2.2872 -2.2872 -2.2872
1.3620 -2.2866 -2.2866 -2.2866
1.3630 -2.2859 -2.2859 -2.2859
1.3640 -2.2852 -2.2852 -2.2852
1.3650 -2.2845 -2.2845 -2.2845
1.3660 -2.2839 -2.2839 -2.2839
1.3670 -2.2832 -2.2832 -2.2832
1.3680 -2.2825 -2.2825 -2.2825
1.3690 -2.2818 -2.2818 -2.2818
1.3700 -2.2811 -2.2811 -2.2811
1.3710 -2.2805 -2.2805 -2.2805
1.3720 -2.2798 -2.2798 -2.2798
1.3730 -2.2791 -2.2791 -2.2791
1.3740 -2.2784 -2.2784 -2.2784
1.3750 -2.2777 -2.2777 -2.2777
1.3760 -2.2771 -2.2771 -2.2771
1.3770 -2.2764 -2.2764 -2.2764
1.3780 -2.2757 -2.2757 -2.2757
1.3790 -2.2750 -2.2750 -2.2750
1.3800 -2.2744 -2.2744 -2.2744
1.3810 -2.2737 -2.2737 -2.2737
1.3820 -2.2730 -2.2730 -2.2730
1.3830 -2.2723 -2.2723 -2.2723
1.3840 -2.2716 -2.2716 -2.2716
1.3850 -2.2710 -2.2710 -2.2710
1.3860 -2.2703 -2.2703 -2.2703
1.3870 -2.2696 -2.2696 -2.2696
1.3880 -2.2689 -2.2689 -2.2689
1.3890 -2.2682 -2.2682 -2.2682
1.3900 -2.2676 -2.2676 -2.2676
1.3910 -2.2669 -2.2669 -2.2669
1.3920 -2.2662 -2.2662 -2.2662
1.3930 -2.2655 -2.2655 -2.2655
1.3940 -2.2649 -2.2649 -2.2649
1.3950 -2.2642 -2.2642 -2.2642
1.3960 -2.2635 -2.2635 -2.2635
1.3970 -2.2628 -2.2628 -2.2628
1.3980 -2.2621 -2.2621 -2.2621
1.3990 -2.2615 -2.2615 -2.2615
1.4000 -2.2608 -2.2608 -2.2608
1.4010 -2.2604 -2.2604 -2.2604
1.4020 -2.2600 -2.2600 -2.2600
1.4030 -2.2596 -2.2596 -2.2596
1.4040 -2.2592 -2.2592 -2.2592
1.4050 -2.2588 -2.2588 -2.2588
1.4060 -2.2584 -2.2584 -2.2584
1.4070 -2.2581 -2.2581 -2.2581
1.4080 -2.2577 -2.2577 -2.2577
1.4090 -2.2573 -2.2573 -2.2573
1.4100 -2.2569 -2.2569 -2.2569
1.4110 -2.2565 -2.2565 -2.2565
1.4120 -2.2561 -2.2561 -2.2561
1.4130 -2.2557 -2.2557 -2.2557
1.4140 -2.2553 -2.2553 -2.2553
1.4150 -2.2549 -2.2549 -2.2549
1.4160 -2.2545 -2.2545 -2.2545
1.4170 -2.2541 -2.2541 -2.2541
1.4180 -2.2538 -2.2538 -2.2538
1.4190 -2.2534 -2.2534 -2.2534
1.4200 -2.2530 -2.2530 -2.2530
1.4210 -2.2526 -2.2526 -2.2526
1.4220 -2.2522 -2.2522 -2.2522
1.4230 -2.2518 -2.2518 -2.2518
1.4240 -2.2514 -2.2514 -2.2514
1.4250 -2.2510 -2.2510 -2.2510
1.4260 -2.2506 -2.2506 -2.2506
1.4270 -2.2502 -2.2502 -2.2502
1.4280 -2.2498 -2.2498 -2.2498
1.4290 -2.2495 -2.2495 -2.2495
1.4300 -2.2491 -2.2491 -2.2491
1.4310 -2.2487 -2.2487 -2.2487
1.4320 -2.2483 -2.2483 -2.2483
1.4330 -2.2479 -2.2479 -2.2479
1.4340 -2.2475 -2.2475 -2.2475
1.4350 -2.2471 -2.2471 -2.2471
1.4360 -2.2467 -2.2467 -2.2467
1.4370 -2.2463 -2.2463 -2.2463
1.4380 -2.2459 -2.2459 -2.2459
1.4390 -2.2455 -2.2455 -2.2455
1.4400 -2.2452 -2.2452 -2.2452
1.4410 -2.2448 -2.2448 -2.2448
1.4420 -2.2444 -2.2444 -2.2444
1.4430 -2.2440 -2.2440 -2.2440
1.4440 -2.2436 -2.2436 -2.2436
1.4450 -2.2432 -2.2432 -2.2432
1.4460 -2.2428 -2.2428 -2.2428
1.4470 -2.2424 -2.2424 -2.2424
1.4480 -2.2420 -2.2420 -2.2420
1.4490 -2.2416 -2.2416 -2.2416
1.4500 -2.2413 -2.2413 -2.2413
1.4510 -2.2409 -2.2409 -2.2409
1.4520 -2.2405 -2.2405 -2.2405
1.4530 -2.2401 -2.2401 -2.2401
1.4540 -2.2397 -2.2397 -2.2397
1.4550 -2.2393 -2.2393 -2.2393
1.4560 -2.2389 -2.2389 -2.2389
1.4570 -2.2385 -2.2385 -2.2385
1.4580 -2.2381 -2.2381 -2.2381
1.4590 -2.2377 -2.2377 -2.2377
1.4600 -2.2373 -2.2373 -2.2373
1.4610 -2.2370 -2.2370 -2.2370
1.4620 -2.2366 -2.2366 -2.2366
1.4630 -2.2362 -2.2362 -2.2362
1.4640 -2.2358 -2.2358 -2.2358
1.4650 -2.2354 -2.2354 -2.2354
1.4660 -2.2350 -2.2350 -2.2350
1.4670 -2.2346 -2.2346 -2.2346
1.4680 -2.2342 -2.2342 -2.2342
1.4690 -2.2338 -2.2338 -2.2338
1.4700 -2.2334 -2.2334 -2.2334
1.4710 -2.2330 -2.2330 -2.2330
1.4720 -2.2327 -2.2327 -2.2327
1.4730 -2.2323 -2.2323 -2.2323
1.4740 -2.2319 -2.2319 -2.2319
1.4750 -2.2315 -2.2315 -2.2315
1.4760 -2.2311 -2.2311 -2.2311
1.4770 -2.2307 -2.2307 -2.2307
1.4780 -2.2303 -2.2303 -2.2303
1.4790 -2.2299 -2.2299 -2.2299
1.4800 -2.2295 -2.2295 -2.2295
1.4810 -2.2291 -2.2291 -2.2291
1.4820 -2.2287 -2.2287 -2.2287
1.4830 -2.2284 -2.2284 -2.2284
1.4840 -2.2280 -2.2280 -2.2280
1.4850 -2.2276 -2.2276 -2.2276
1.4860 -2.2272 -2.2272 -2.2272
1.4870 -2.2268 -2.2268 -2.2268
1.4880 -2.2264 -2.2264 -2.2264
1.4890 -2.2260 -2.2260 -2.2260
1.4900 -2.2256 -2.2256 -2.2256
1.4910 -2.2252 -2.2252 -2.2252
1.4920 -2.2248 -2.2248 -2.2248
1.4930 -2.2245 -2.2245 -2.2245
1.4940 -2.2241 -2.2241 -2.2241
1.4950 -2.2237 -2.2237 -2.2237
1.4960 -2.2233 -2.2233 -2.2233
1.4970 -2.2229 -2.2229 -2.2229
1.4980 -2.2225 -2.2225 -2.2225
1.4990 -2.2221 -2.2221 -2.2221
1.5000 -2.2217 -2.2217 -2.2217
1.5010 -2.2214 -2.2214 -2.2214
1.5020 -2.2211 -2.2211 -2.2211
1.5030 -2.2209 -2.2209 -2.2209
1.5040 -2.2206 -2.2206 -2.2206
1.5050 -2.2203 -2.2203 -2.2203
1.5060 -2.2200 -2.2200 -2.2200
1.5070 -2.2197 -2.2197 -2.2197
1.5080 -2.2194 -2.2194 -2.2194
1.5090 -2.2191 -2.2191 -2.2191
1.5100 -2.2189 -2.2189 -2.2189
1.5110 -2.2186 -2.2186 -2.2186
1.5120 -2.2183 -2.2183 -2.2183
1.5130 -2.2180 -2.2180 -2.2180
1.5140 -2.2177 -2.2177 -2.2177
1.5150 -2.2174 -2.2174 -2.2174
1.5160 -2.2172 -2.2172 -2.2172
1.5170 -2.2169 -2.2169 -2.2169
1.5180 -2.2166 -2.2166 -2.2166
1.5190 -2.2163 -2.2163 -2.2163
1.5200 -2.2160 -2.2160 -2.2160
1.5210 -2.2157 -2.2157 -2.2157
1.5220 -2.2154 -2.2154 -2.2154
1.5230 -2.2152 -2.2152 -2.2152
1.5240 -2.2149 -2.2149 -2.2149
1.5250 -2.2146 -2.2146 -2.2146
1.5260 -2.2143 -2.2143 -2.2143
1.5270 -2.2140 -2.2140 -2.2140
1.5280 -2.2137 -2.2137 -2.2137
1.5290 -2.2134 -2.2134 -2.2134
1.5300 -2.2132 -2.2132 -2.2132
1.5310 -2.2129 -2.2129 -2.2129
