SOSS/PSFs/SOSS_wavelength_dependent_tilt_sim.ecsv
# %ECSV 0.9
# ---
# datatype:
# - {name: Wavelength, datatype: float64}
# - {name: order1, datatype: float64}
# - {name: order2, datatype: float64}
# - {name: order3, datatype: float64}
# meta: {description: This file was created by soss_characterize_sim_tilt.py}
# schema: astropy-2.0
Wavelength order1 order2 order3
[from data line 1033]
1.5330 -2.2123 -2.2123 -2.2123
1.5340 -2.2120 -2.2120 -2.2120
1.5350 -2.2117 -2.2117 -2.2117
1.5360 -2.2115 -2.2115 -2.2115
1.5370 -2.2112 -2.2112 -2.2112
1.5380 -2.2109 -2.2109 -2.2109
1.5390 -2.2106 -2.2106 -2.2106
1.5400 -2.2103 -2.2103 -2.2103
1.5410 -2.2100 -2.2100 -2.2100
1.5420 -2.2097 -2.2097 -2.2097
1.5430 -2.2095 -2.2095 -2.2095
1.5440 -2.2092 -2.2092 -2.2092
1.5450 -2.2089 -2.2089 -2.2089
1.5460 -2.2086 -2.2086 -2.2086
1.5470 -2.2083 -2.2083 -2.2083
1.5480 -2.2080 -2.2080 -2.2080
1.5490 -2.2077 -2.2077 -2.2077
1.5500 -2.2075 -2.2075 -2.2075
1.5510 -2.2072 -2.2072 -2.2072
1.5520 -2.2069 -2.2069 -2.2069
1.5530 -2.2066 -2.2066 -2.2066
1.5540 -2.2063 -2.2063 -2.2063
1.5550 -2.2060 -2.2060 -2.2060
1.5560 -2.2057 -2.2057 -2.2057
1.5570 -2.2055 -2.2055 -2.2055
1.5580 -2.2052 -2.2052 -2.2052
1.5590 -2.2049 -2.2049 -2.2049
1.5600 -2.2046 -2.2046 -2.2046
1.5610 -2.2043 -2.2043 -2.2043
1.5620 -2.2040 -2.2040 -2.2040
1.5630 -2.2038 -2.2038 -2.2038
1.5640 -2.2035 -2.2035 -2.2035
1.5650 -2.2032 -2.2032 -2.2032
1.5660 -2.2029 -2.2029 -2.2029
1.5670 -2.2026 -2.2026 -2.2026
1.5680 -2.2023 -2.2023 -2.2023
1.5690 -2.2020 -2.2020 -2.2020
1.5700 -2.2018 -2.2018 -2.2018
1.5710 -2.2015 -2.2015 -2.2015
1.5720 -2.2012 -2.2012 -2.2012
1.5730 -2.2009 -2.2009 -2.2009
1.5740 -2.2006 -2.2006 -2.2006
1.5750 -2.2003 -2.2003 -2.2003
1.5760 -2.2000 -2.2000 -2.2000
1.5770 -2.1998 -2.1998 -2.1998
1.5780 -2.1995 -2.1995 -2.1995
1.5790 -2.1992 -2.1992 -2.1992
1.5800 -2.1989 -2.1989 -2.1989
1.5810 -2.1986 -2.1986 -2.1986
1.5820 -2.1983 -2.1983 -2.1983
1.5830 -2.1980 -2.1980 -2.1980
1.5840 -2.1978 -2.1978 -2.1978
1.5850 -2.1975 -2.1975 -2.1975
1.5860 -2.1972 -2.1972 -2.1972
1.5870 -2.1969 -2.1969 -2.1969
1.5880 -2.1966 -2.1966 -2.1966
1.5890 -2.1963 -2.1963 -2.1963
1.5900 -2.1961 -2.1961 -2.1961
1.5910 -2.1958 -2.1958 -2.1958
1.5920 -2.1955 -2.1955 -2.1955
1.5930 -2.1952 -2.1952 -2.1952
1.5940 -2.1949 -2.1949 -2.1949
1.5950 -2.1946 -2.1946 -2.1946
1.5960 -2.1943 -2.1943 -2.1943
1.5970 -2.1941 -2.1941 -2.1941
1.5980 -2.1938 -2.1938 -2.1938
1.5990 -2.1935 -2.1935 -2.1935
1.6000 -2.1932 -2.1932 -2.1932
1.6010 -2.1929 -2.1929 -2.1929
1.6020 -2.1925 -2.1925 -2.1925
1.6030 -2.1922 -2.1922 -2.1922
1.6040 -2.1918 -2.1918 -2.1918
1.6050 -2.1915 -2.1915 -2.1915
1.6060 -2.1912 -2.1912 -2.1912
1.6070 -2.1908 -2.1908 -2.1908
1.6080 -2.1905 -2.1905 -2.1905
1.6090 -2.1902 -2.1902 -2.1902
1.6100 -2.1898 -2.1898 -2.1898
1.6110 -2.1895 -2.1895 -2.1895
1.6120 -2.1891 -2.1891 -2.1891
1.6130 -2.1888 -2.1888 -2.1888
1.6140 -2.1885 -2.1885 -2.1885
1.6150 -2.1881 -2.1881 -2.1881
1.6160 -2.1878 -2.1878 -2.1878
1.6170 -2.1874 -2.1874 -2.1874
1.6180 -2.1871 -2.1871 -2.1871
1.6190 -2.1868 -2.1868 -2.1868
1.6200 -2.1864 -2.1864 -2.1864
1.6210 -2.1861 -2.1861 -2.1861
1.6220 -2.1857 -2.1857 -2.1857
1.6230 -2.1854 -2.1854 -2.1854
1.6240 -2.1851 -2.1851 -2.1851
1.6250 -2.1847 -2.1847 -2.1847
1.6260 -2.1844 -2.1844 -2.1844
1.6270 -2.1841 -2.1841 -2.1841
1.6280 -2.1837 -2.1837 -2.1837
1.6290 -2.1834 -2.1834 -2.1834
1.6300 -2.1830 -2.1830 -2.1830
1.6310 -2.1827 -2.1827 -2.1827
1.6320 -2.1824 -2.1824 -2.1824
1.6330 -2.1820 -2.1820 -2.1820
1.6340 -2.1817 -2.1817 -2.1817
1.6350 -2.1813 -2.1813 -2.1813
1.6360 -2.1810 -2.1810 -2.1810
1.6370 -2.1807 -2.1807 -2.1807
1.6380 -2.1803 -2.1803 -2.1803
1.6390 -2.1800 -2.1800 -2.1800
1.6400 -2.1797 -2.1797 -2.1797
1.6410 -2.1793 -2.1793 -2.1793
1.6420 -2.1790 -2.1790 -2.1790
1.6430 -2.1786 -2.1786 -2.1786
1.6440 -2.1783 -2.1783 -2.1783
1.6450 -2.1780 -2.1780 -2.1780
1.6460 -2.1776 -2.1776 -2.1776
1.6470 -2.1773 -2.1773 -2.1773
1.6480 -2.1769 -2.1769 -2.1769
1.6490 -2.1766 -2.1766 -2.1766
1.6500 -2.1763 -2.1763 -2.1763
1.6510 -2.1759 -2.1759 -2.1759
1.6520 -2.1756 -2.1756 -2.1756
1.6530 -2.1752 -2.1752 -2.1752
1.6540 -2.1749 -2.1749 -2.1749
1.6550 -2.1746 -2.1746 -2.1746
1.6560 -2.1742 -2.1742 -2.1742
1.6570 -2.1739 -2.1739 -2.1739
1.6580 -2.1736 -2.1736 -2.1736
1.6590 -2.1732 -2.1732 -2.1732
1.6600 -2.1729 -2.1729 -2.1729
1.6610 -2.1725 -2.1725 -2.1725
1.6620 -2.1722 -2.1722 -2.1722
1.6630 -2.1719 -2.1719 -2.1719
1.6640 -2.1715 -2.1715 -2.1715
1.6650 -2.1712 -2.1712 -2.1712
1.6660 -2.1708 -2.1708 -2.1708
1.6670 -2.1705 -2.1705 -2.1705
1.6680 -2.1702 -2.1702 -2.1702
1.6690 -2.1698 -2.1698 -2.1698
1.6700 -2.1695 -2.1695 -2.1695
1.6710 -2.1692 -2.1692 -2.1692
1.6720 -2.1688 -2.1688 -2.1688
1.6730 -2.1685 -2.1685 -2.1685
1.6740 -2.1681 -2.1681 -2.1681
1.6750 -2.1678 -2.1678 -2.1678
1.6760 -2.1675 -2.1675 -2.1675
1.6770 -2.1671 -2.1671 -2.1671
1.6780 -2.1668 -2.1668 -2.1668
1.6790 -2.1664 -2.1664 -2.1664
1.6800 -2.1661 -2.1661 -2.1661
1.6810 -2.1658 -2.1658 -2.1658
1.6820 -2.1654 -2.1654 -2.1654
1.6830 -2.1651 -2.1651 -2.1651
1.6840 -2.1647 -2.1647 -2.1647
1.6850 -2.1644 -2.1644 -2.1644
1.6860 -2.1641 -2.1641 -2.1641
1.6870 -2.1637 -2.1637 -2.1637
1.6880 -2.1634 -2.1634 -2.1634
1.6890 -2.1631 -2.1631 -2.1631
1.6900 -2.1627 -2.1627 -2.1627
1.6910 -2.1624 -2.1624 -2.1624
1.6920 -2.1620 -2.1620 -2.1620
1.6930 -2.1617 -2.1617 -2.1617
1.6940 -2.1614 -2.1614 -2.1614
1.6950 -2.1610 -2.1610 -2.1610
1.6960 -2.1607 -2.1607 -2.1607
1.6970 -2.1603 -2.1603 -2.1603
1.6980 -2.1600 -2.1600 -2.1600
1.6990 -2.1597 -2.1597 -2.1597
1.7000 -2.1593 -2.1593 -2.1593
1.7010 -2.1591 -2.1591 -2.1591
1.7020 -2.1588 -2.1588 -2.1588
1.7030 -2.1586 -2.1586 -2.1586
1.7040 -2.1584 -2.1584 -2.1584
1.7050 -2.1581 -2.1581 -2.1581
1.7060 -2.1579 -2.1579 -2.1579
1.7070 -2.1576 -2.1576 -2.1576
1.7080 -2.1574 -2.1574 -2.1574
1.7090 -2.1571 -2.1571 -2.1571
1.7100 -2.1569 -2.1569 -2.1569
1.7110 -2.1567 -2.1567 -2.1567
1.7120 -2.1564 -2.1564 -2.1564
1.7130 -2.1562 -2.1562 -2.1562
1.7140 -2.1559 -2.1559 -2.1559
1.7150 -2.1557 -2.1557 -2.1557
1.7160 -2.1554 -2.1554 -2.1554
1.7170 -2.1552 -2.1552 -2.1552
1.7180 -2.1549 -2.1549 -2.1549
1.7190 -2.1547 -2.1547 -2.1547
1.7200 -2.1545 -2.1545 -2.1545
1.7210 -2.1542 -2.1542 -2.1542
1.7220 -2.1540 -2.1540 -2.1540
1.7230 -2.1537 -2.1537 -2.1537
1.7240 -2.1535 -2.1535 -2.1535
1.7250 -2.1532 -2.1532 -2.1532
1.7260 -2.1530 -2.1530 -2.1530
1.7270 -2.1528 -2.1528 -2.1528
1.7280 -2.1525 -2.1525 -2.1525
1.7290 -2.1523 -2.1523 -2.1523
1.7300 -2.1520 -2.1520 -2.1520
1.7310 -2.1518 -2.1518 -2.1518
1.7320 -2.1515 -2.1515 -2.1515
1.7330 -2.1513 -2.1513 -2.1513
1.7340 -2.1510 -2.1510 -2.1510
1.7350 -2.1508 -2.1508 -2.1508
1.7360 -2.1506 -2.1506 -2.1506
1.7370 -2.1503 -2.1503 -2.1503
1.7380 -2.1501 -2.1501 -2.1501
1.7390 -2.1498 -2.1498 -2.1498
1.7400 -2.1496 -2.1496 -2.1496
1.7410 -2.1493 -2.1493 -2.1493
1.7420 -2.1491 -2.1491 -2.1491
1.7430 -2.1489 -2.1489 -2.1489
1.7440 -2.1486 -2.1486 -2.1486
1.7450 -2.1484 -2.1484 -2.1484
1.7460 -2.1481 -2.1481 -2.1481
1.7470 -2.1479 -2.1479 -2.1479
1.7480 -2.1476 -2.1476 -2.1476
1.7490 -2.1474 -2.1474 -2.1474
1.7500 -2.1472 -2.1472 -2.1472
1.7510 -2.1469 -2.1469 -2.1469
1.7520 -2.1467 -2.1467 -2.1467
1.7530 -2.1464 -2.1464 -2.1464
1.7540 -2.1462 -2.1462 -2.1462
1.7550 -2.1459 -2.1459 -2.1459
1.7560 -2.1457 -2.1457 -2.1457
1.7570 -2.1454 -2.1454 -2.1454
1.7580 -2.1452 -2.1452 -2.1452
1.7590 -2.1450 -2.1450 -2.1450
1.7600 -2.1447 -2.1447 -2.1447
1.7610 -2.1445 -2.1445 -2.1445
1.7620 -2.1442 -2.1442 -2.1442
1.7630 -2.1440 -2.1440 -2.1440
1.7640 -2.1437 -2.1437 -2.1437
1.7650 -2.1435 -2.1435 -2.1435
1.7660 -2.1433 -2.1433 -2.1433
1.7670 -2.1430 -2.1430 -2.1430
1.7680 -2.1428 -2.1428 -2.1428
1.7690 -2.1425 -2.1425 -2.1425
1.7700 -2.1423 -2.1423 -2.1423
1.7710 -2.1420 -2.1420 -2.1420
1.7720 -2.1418 -2.1418 -2.1418
1.7730 -2.1416 -2.1416 -2.1416
1.7740 -2.1413 -2.1413 -2.1413
1.7750 -2.1411 -2.1411 -2.1411
1.7760 -2.1408 -2.1408 -2.1408
1.7770 -2.1406 -2.1406 -2.1406
1.7780 -2.1403 -2.1403 -2.1403
1.7790 -2.1401 -2.1401 -2.1401
1.7800 -2.1398 -2.1398 -2.1398
1.7810 -2.1396 -2.1396 -2.1396
1.7820 -2.1394 -2.1394 -2.1394
1.7830 -2.1391 -2.1391 -2.1391
1.7840 -2.1389 -2.1389 -2.1389
1.7850 -2.1386 -2.1386 -2.1386
1.7860 -2.1384 -2.1384 -2.1384
1.7870 -2.1381 -2.1381 -2.1381
1.7880 -2.1379 -2.1379 -2.1379
1.7890 -2.1377 -2.1377 -2.1377
1.7900 -2.1374 -2.1374 -2.1374
1.7910 -2.1372 -2.1372 -2.1372
1.7920 -2.1369 -2.1369 -2.1369
1.7930 -2.1367 -2.1367 -2.1367
1.7940 -2.1364 -2.1364 -2.1364
1.7950 -2.1362 -2.1362 -2.1362
1.7960 -2.1360 -2.1360 -2.1360
1.7970 -2.1357 -2.1357 -2.1357
1.7980 -2.1355 -2.1355 -2.1355
1.7990 -2.1352 -2.1352 -2.1352
1.8000 -2.1350 -2.1350 -2.1350
1.8010 -2.1348 -2.1348 -2.1348
1.8020 -2.1346 -2.1346 -2.1346
1.8030 -2.1345 -2.1345 -2.1345
1.8040 -2.1343 -2.1343 -2.1343
1.8050 -2.1342 -2.1342 -2.1342
1.8060 -2.1340 -2.1340 -2.1340
1.8070 -2.1338 -2.1338 -2.1338
1.8080 -2.1337 -2.1337 -2.1337
1.8090 -2.1335 -2.1335 -2.1335
1.8100 -2.1333 -2.1333 -2.1333
1.8110 -2.1332 -2.1332 -2.1332
1.8120 -2.1330 -2.1330 -2.1330
1.8130 -2.1328 -2.1328 -2.1328
1.8140 -2.1327 -2.1327 -2.1327
1.8150 -2.1325 -2.1325 -2.1325
1.8160 -2.1324 -2.1324 -2.1324
1.8170 -2.1322 -2.1322 -2.1322
1.8180 -2.1320 -2.1320 -2.1320
1.8190 -2.1319 -2.1319 -2.1319
1.8200 -2.1317 -2.1317 -2.1317
1.8210 -2.1315 -2.1315 -2.1315
1.8220 -2.1314 -2.1314 -2.1314
1.8230 -2.1312 -2.1312 -2.1312
1.8240 -2.1310 -2.1310 -2.1310
1.8250 -2.1309 -2.1309 -2.1309
1.8260 -2.1307 -2.1307 -2.1307
1.8270 -2.1306 -2.1306 -2.1306
1.8280 -2.1304 -2.1304 -2.1304
1.8290 -2.1302 -2.1302 -2.1302
1.8300 -2.1301 -2.1301 -2.1301
1.8310 -2.1299 -2.1299 -2.1299
1.8320 -2.1297 -2.1297 -2.1297
1.8330 -2.1296 -2.1296 -2.1296
1.8340 -2.1294 -2.1294 -2.1294
1.8350 -2.1292 -2.1292 -2.1292
1.8360 -2.1291 -2.1291 -2.1291
1.8370 -2.1289 -2.1289 -2.1289
1.8380 -2.1287 -2.1287 -2.1287
1.8390 -2.1286 -2.1286 -2.1286
1.8400 -2.1284 -2.1284 -2.1284
1.8410 -2.1283 -2.1283 -2.1283
1.8420 -2.1281 -2.1281 -2.1281
1.8430 -2.1279 -2.1279 -2.1279
1.8440 -2.1278 -2.1278 -2.1278
1.8450 -2.1276 -2.1276 -2.1276
1.8460 -2.1274 -2.1274 -2.1274
1.8470 -2.1273 -2.1273 -2.1273
1.8480 -2.1271 -2.1271 -2.1271
1.8490 -2.1269 -2.1269 -2.1269
1.8500 -2.1268 -2.1268 -2.1268
1.8510 -2.1266 -2.1266 -2.1266
1.8520 -2.1265 -2.1265 -2.1265
1.8530 -2.1263 -2.1263 -2.1263
1.8540 -2.1261 -2.1261 -2.1261
1.8550 -2.1260 -2.1260 -2.1260
1.8560 -2.1258 -2.1258 -2.1258
1.8570 -2.1256 -2.1256 -2.1256
1.8580 -2.1255 -2.1255 -2.1255
1.8590 -2.1253 -2.1253 -2.1253
1.8600 -2.1251 -2.1251 -2.1251
1.8610 -2.1250 -2.1250 -2.1250
1.8620 -2.1248 -2.1248 -2.1248
1.8630 -2.1247 -2.1247 -2.1247
1.8640 -2.1245 -2.1245 -2.1245
1.8650 -2.1243 -2.1243 -2.1243
1.8660 -2.1242 -2.1242 -2.1242
1.8670 -2.1240 -2.1240 -2.1240
1.8680 -2.1238 -2.1238 -2.1238
1.8690 -2.1237 -2.1237 -2.1237
1.8700 -2.1235 -2.1235 -2.1235
1.8710 -2.1233 -2.1233 -2.1233
1.8720 -2.1232 -2.1232 -2.1232
1.8730 -2.1230 -2.1230 -2.1230
1.8740 -2.1228 -2.1228 -2.1228
1.8750 -2.1227 -2.1227 -2.1227
1.8760 -2.1225 -2.1225 -2.1225
1.8770 -2.1224 -2.1224 -2.1224
1.8780 -2.1222 -2.1222 -2.1222
1.8790 -2.1220 -2.1220 -2.1220
1.8800 -2.1219 -2.1219 -2.1219
1.8810 -2.1217 -2.1217 -2.1217
1.8820 -2.1215 -2.1215 -2.1215
1.8830 -2.1214 -2.1214 -2.1214
1.8840 -2.1212 -2.1212 -2.1212
1.8850 -2.1210 -2.1210 -2.1210
1.8860 -2.1209 -2.1209 -2.1209
1.8870 -2.1207 -2.1207 -2.1207
1.8880 -2.1206 -2.1206 -2.1206
1.8890 -2.1204 -2.1204 -2.1204
1.8900 -2.1202 -2.1202 -2.1202
1.8910 -2.1201 -2.1201 -2.1201
1.8920 -2.1199 -2.1199 -2.1199
1.8930 -2.1197 -2.1197 -2.1197
1.8940 -2.1196 -2.1196 -2.1196
1.8950 -2.1194 -2.1194 -2.1194
1.8960 -2.1192 -2.1192 -2.1192
1.8970 -2.1191 -2.1191 -2.1191
1.8980 -2.1189 -2.1189 -2.1189
1.8990 -2.1187 -2.1187 -2.1187
1.9000 -2.1186 -2.1186 -2.1186
1.9010 -2.1184 -2.1184 -2.1184
1.9020 -2.1182 -2.1182 -2.1182
1.9030 -2.1180 -2.1180 -2.1180
1.9040 -2.1178 -2.1178 -2.1178
1.9050 -2.1176 -2.1176 -2.1176
1.9060 -2.1174 -2.1174 -2.1174
1.9070 -2.1172 -2.1172 -2.1172
1.9080 -2.1170 -2.1170 -2.1170
1.9090 -2.1168 -2.1168 -2.1168
1.9100 -2.1165 -2.1165 -2.1165
1.9110 -2.1163 -2.1163 -2.1163
1.9120 -2.1161 -2.1161 -2.1161
1.9130 -2.1159 -2.1159 -2.1159
1.9140 -2.1157 -2.1157 -2.1157
1.9150 -2.1155 -2.1155 -2.1155
1.9160 -2.1153 -2.1153 -2.1153
1.9170 -2.1151 -2.1151 -2.1151
1.9180 -2.1149 -2.1149 -2.1149
1.9190 -2.1147 -2.1147 -2.1147
1.9200 -2.1145 -2.1145 -2.1145
1.9210 -2.1143 -2.1143 -2.1143
1.9220 -2.1141 -2.1141 -2.1141
1.9230 -2.1139 -2.1139 -2.1139
1.9240 -2.1137 -2.1137 -2.1137
1.9250 -2.1135 -2.1135 -2.1135
1.9260 -2.1133 -2.1133 -2.1133
1.9270 -2.1131 -2.1131 -2.1131
1.9280 -2.1129 -2.1129 -2.1129
1.9290 -2.1127 -2.1127 -2.1127
1.9300 -2.1125 -2.1125 -2.1125
1.9310 -2.1123 -2.1123 -2.1123
1.9320 -2.1121 -2.1121 -2.1121
1.9330 -2.1119 -2.1119 -2.1119
1.9340 -2.1117 -2.1117 -2.1117
1.9350 -2.1114 -2.1114 -2.1114
1.9360 -2.1112 -2.1112 -2.1112
1.9370 -2.1110 -2.1110 -2.1110
1.9380 -2.1108 -2.1108 -2.1108
1.9390 -2.1106 -2.1106 -2.1106
1.9400 -2.1104 -2.1104 -2.1104
1.9410 -2.1102 -2.1102 -2.1102
1.9420 -2.1100 -2.1100 -2.1100
1.9430 -2.1098 -2.1098 -2.1098
1.9440 -2.1096 -2.1096 -2.1096
1.9450 -2.1094 -2.1094 -2.1094
1.9460 -2.1092 -2.1092 -2.1092
1.9470 -2.1090 -2.1090 -2.1090
1.9480 -2.1088 -2.1088 -2.1088
1.9490 -2.1086 -2.1086 -2.1086
1.9500 -2.1084 -2.1084 -2.1084
1.9510 -2.1082 -2.1082 -2.1082
1.9520 -2.1080 -2.1080 -2.1080
1.9530 -2.1078 -2.1078 -2.1078
1.9540 -2.1076 -2.1076 -2.1076
1.9550 -2.1074 -2.1074 -2.1074
1.9560 -2.1072 -2.1072 -2.1072
1.9570 -2.1070 -2.1070 -2.1070
1.9580 -2.1068 -2.1068 -2.1068
1.9590 -2.1066 -2.1066 -2.1066
1.9600 -2.1063 -2.1063 -2.1063
1.9610 -2.1061 -2.1061 -2.1061
1.9620 -2.1059 -2.1059 -2.1059
1.9630 -2.1057 -2.1057 -2.1057
1.9640 -2.1055 -2.1055 -2.1055
1.9650 -2.1053 -2.1053 -2.1053
1.9660 -2.1051 -2.1051 -2.1051
1.9670 -2.1049 -2.1049 -2.1049
1.9680 -2.1047 -2.1047 -2.1047
1.9690 -2.1045 -2.1045 -2.1045
1.9700 -2.1043 -2.1043 -2.1043
1.9710 -2.1041 -2.1041 -2.1041
1.9720 -2.1039 -2.1039 -2.1039
1.9730 -2.1037 -2.1037 -2.1037
1.9740 -2.1035 -2.1035 -2.1035
1.9750 -2.1033 -2.1033 -2.1033
1.9760 -2.1031 -2.1031 -2.1031
1.9770 -2.1029 -2.1029 -2.1029
1.9780 -2.1027 -2.1027 -2.1027
1.9790 -2.1025 -2.1025 -2.1025
1.9800 -2.1023 -2.1023 -2.1023
1.9810 -2.1021 -2.1021 -2.1021
1.9820 -2.1019 -2.1019 -2.1019
1.9830 -2.1017 -2.1017 -2.1017
1.9840 -2.1015 -2.1015 -2.1015
1.9850 -2.1013 -2.1013 -2.1013
1.9860 -2.1010 -2.1010 -2.1010
1.9870 -2.1008 -2.1008 -2.1008
1.9880 -2.1006 -2.1006 -2.1006
1.9890 -2.1004 -2.1004 -2.1004
1.9900 -2.1002 -2.1002 -2.1002
1.9910 -2.1000 -2.1000 -2.1000
1.9920 -2.0998 -2.0998 -2.0998
1.9930 -2.0996 -2.0996 -2.0996
1.9940 -2.0994 -2.0994 -2.0994
1.9950 -2.0992 -2.0992 -2.0992
1.9960 -2.0990 -2.0990 -2.0990
1.9970 -2.0988 -2.0988 -2.0988
1.9980 -2.0986 -2.0986 -2.0986
1.9990 -2.0984 -2.0984 -2.0984
2.0000 -2.0982 -2.0982 -2.0982
2.0010 -2.0980 -2.0980 -2.0980
2.0020 -2.0978 -2.0978 -2.0978
2.0030 -2.0977 -2.0977 -2.0977
2.0040 -2.0975 -2.0975 -2.0975
2.0050 -2.0973 -2.0973 -2.0973
2.0060 -2.0971 -2.0971 -2.0971
2.0070 -2.0970 -2.0970 -2.0970
2.0080 -2.0968 -2.0968 -2.0968
2.0090 -2.0966 -2.0966 -2.0966
2.0100 -2.0964 -2.0964 -2.0964
2.0110 -2.0963 -2.0963 -2.0963
2.0120 -2.0961 -2.0961 -2.0961
2.0130 -2.0959 -2.0959 -2.0959
2.0140 -2.0957 -2.0957 -2.0957
2.0150 -2.0956 -2.0956 -2.0956
2.0160 -2.0954 -2.0954 -2.0954
2.0170 -2.0952 -2.0952 -2.0952
2.0180 -2.0950 -2.0950 -2.0950
2.0190 -2.0949 -2.0949 -2.0949
2.0200 -2.0947 -2.0947 -2.0947
2.0210 -2.0945 -2.0945 -2.0945
2.0220 -2.0943 -2.0943 -2.0943
2.0230 -2.0942 -2.0942 -2.0942
2.0240 -2.0940 -2.0940 -2.0940
2.0250 -2.0938 -2.0938 -2.0938
2.0260 -2.0936 -2.0936 -2.0936
2.0270 -2.0935 -2.0935 -2.0935
2.0280 -2.0933 -2.0933 -2.0933
2.0290 -2.0931 -2.0931 -2.0931
2.0300 -2.0929 -2.0929 -2.0929
2.0310 -2.0928 -2.0928 -2.0928
2.0320 -2.0926 -2.0926 -2.0926
2.0330 -2.0924 -2.0924 -2.0924
2.0340 -2.0922 -2.0922 -2.0922
2.0350 -2.0921 -2.0921 -2.0921
2.0360 -2.0919 -2.0919 -2.0919
2.0370 -2.0917 -2.0917 -2.0917
2.0380 -2.0915 -2.0915 -2.0915
2.0390 -2.0913 -2.0913 -2.0913
2.0400 -2.0912 -2.0912 -2.0912
2.0410 -2.0910 -2.0910 -2.0910
2.0420 -2.0908 -2.0908 -2.0908
2.0430 -2.0906 -2.0906 -2.0906
2.0440 -2.0905 -2.0905 -2.0905
2.0450 -2.0903 -2.0903 -2.0903
2.0460 -2.0901 -2.0901 -2.0901
2.0470 -2.0899 -2.0899 -2.0899
